101,2016,172,100,11.84,30,12.71,1,53.31,54.88,35.31,14.86,1,6.643,9.52,9.24,27.9,13.9,4.256,4.131,27.9,13.9,12.88
101,2016,172,200,11.91,131,12.78,154,53.43,55,34.61,12.98,157,5.801,6.86,6.575,19.08,16.51,3.066,2.939,19.08,16.51,12.84
101,2016,172,300,11.94,236,12.71,200,53.49,54.88,35.74,14.95,242,6.682,11.14,11.06,17.82,6.746,4.978,4.944,17.82,6.746,12.84
103,2016,172,300,11.84,30,12.78,154,53.31,55,35.74,14.95,242,6.682,9.17,8.93,21.59,13.18,4.1,3.992,21.59,13.18,12.84
101,2016,172,400,11.74,322,12.44,301,53.13,54.4,36.35,10.57,300,4.723,3.061,2.22,95.2,42.45,1.368,.992,95.2,42.45,12.83
101,2016,172,500,11.35,433,12.15,405,52.42,53.87,36.28,12.1,458,5.409,6.311,5.87,147.3,21.39,2.821,2.624,147.3,21.39,12.8
101,2016,172,600,11.92,502,13.99,547,53.45,57.17,33.47,16.75,518,7.49,13.69,13.58,157.4,7.07,6.118,6.072,157.4,7.07,12.82
103,2016,172,600,11.35,433,13.99,547,52.42,57.17,33.47,16.75,518,7.49,7.69,6.873,149,26.35,3.436,3.072,149,26.35,12.82
101,2016,172,700,13.08,603,14.71,654,55.54,58.48,36.77,14.95,631,6.682,10.32,10.2,157.2,8.87,4.615,4.559,157.2,8.87,12.88
101,2016,172,800,13.2,715,16.98,753,55.76,62.56,30.68,8.72,717,3.9,4.795,4.474,125.7,20.96,2.143,2,125.7,20.96,12.99
101,2016,172,900,15.67,805,18.43,851,60.2,65.17,27.79,12.06,852,5.389,2.784,1.471,139.3,55.64,1.245,.657,139.3,55.64,13.37
103,2016,172,900,13.08,603,18.43,851,55.54,65.17,27.79,14.95,631,6.682,5.968,5.222,146.9,28.64,2.668,2.334,146.9,28.64,13.37
101,2016,172,1000,16.62,923,18.86,917,61.92,65.95,22,16.75,950,7.49,4.658,2.512,133.8,54.97,2.082,1.123,133.8,54.97,14
101,2016,172,1100,17.04,1005,19.31,1036,62.67,66.76,21.97,13.63,1041,6.095,5.854,4.584,215.9,37.72,2.617,2.049,215.9,37.72,14.06
101,2016,172,1200,16.68,1149,19.55,1104,62.03,67.18,20.83,20.96,1141,9.37,8.98,7.2,244.9,36.07,4.016,3.219,244.9,36.07,14.08
103,2016,172,1200,16.62,923,19.55,1104,61.92,67.18,20.83,20.96,1141,9.37,6.499,3.757,221,52.61,2.905,1.68,221,52.61,14.08
101,2016,172,1300,17.05,1200,19.9,1241,62.69,67.82,23.18,21.79,1248,9.74,10.34,8.01,276.3,38.47,4.621,3.579,276.3,38.47,13.91
101,2016,172,1400,17.12,1315,19.36,1328,62.81,66.84,22.91,22.97,1313,10.27,12.45,11.79,320.9,18.7,5.566,5.269,320.9,18.7,14.03
101,2016,172,1500,16.57,1459,18.88,1417,61.83,65.98,29.56,19.95,1432,8.92,12.79,12.24,315.9,16.71,5.717,5.473,315.9,16.71,13.65
103,2016,172,1500,16.57,1459,19.9,1241,61.83,67.82,29.56,22.97,1313,10.27,11.86,10.14,308.2,30.82,5.301,4.534,308.2,30.82,13.65
101,2016,172,1600,14.38,1559,16.67,1500,57.88,62.01,34.01,23.85,1531,10.66,14.26,13.88,304,13.14,6.372,6.205,304,13.14,13.53
101,2016,172,1700,14.38,1600,15.93,1652,57.88,60.67,28.8,19.16,1601,8.56,7.91,3.438,68.62,60.89,3.535,1.537,68.62,60.89,13.55
101,2016,172,1800,13.85,1759,16.03,1716,56.92,60.85,40.03,22.23,1757,9.94,9.79,9.37,108.6,16.7,4.375,4.189,108.6,16.7,13.44
103,2016,172,1800,13.85,1759,16.67,1500,56.92,62.01,40.03,23.85,1531,10.66,10.65,2.021,5.501,72.9,4.761,.903,5.501,72.9,13.44
101,2016,172,1900,12.76,1854,13.95,1800,54.96,57.1,43.86,18.72,1855,8.37,11.87,11.75,101.1,8.25,5.306,5.25,101.1,8.25,13.34
101,2016,172,2000,11.32,1945,13.13,1901,52.38,55.63,45.27,35.73,1930,15.97,14.57,7.99,227.1,54.4,6.511,3.574,227.1,54.4,13.2
101,2016,172,2100,10.32,2012,13.21,2059,50.58,55.78,34.77,33.45,2000,14.95,12.26,11.16,126,24.26,5.481,4.99,126,24.26,13.11
103,2016,172,2100,10.32,2012,13.95,1800,50.58,57.1,34.77,35.73,1930,15.97,12.9,6.828,134.2,55.57,5.766,3.052,134.2,55.57,13.11
101,2016,172,2200,12.88,2156,14.08,2114,55.18,57.35,34.94,7.67,2101,3.429,4.303,4.184,118.5,13.49,1.923,1.87,118.5,13.49,13.03
101,2016,172,2300,11.87,2248,13.61,2259,53.37,56.51,29.15,17.1,2251,7.64,6.711,5.931,144.5,27.61,3,2.651,144.5,27.61,12.97
101,2016,172,2400,12.07,2359,13.68,2323,53.73,56.63,38.05,18.94,2358,8.47,13.54,13.19,203.4,13.09,6.054,5.896,203.4,13.09,12.91
103,2016,172,2400,11.87,2248,14.08,2114,53.37,57.35,38.05,18.94,2358,8.47,8.19,6.342,174.3,38.45,3.659,2.835,174.3,38.45,12.91
124,2016,172,2400,10.32,2012,19.9,1241,50.58,67.82,38.05,35.73,1930,15.97,9.12,1.132,146.9,75.8,4.074,.506,146.9,75.8,12.91,14.6,58.28
101,2016,173,100,11.37,58,12.41,1,52.47,54.34,44.78,24.33,8,10.88,18.29,18.12,208,7.63,8.17,8.1,208,7.63,12.89
101,2016,173,200,11.14,149,11.64,114,52.05,52.95,46.02,20.96,157,9.37,15.3,15.09,190.9,9.59,6.841,6.745,190.9,9.59,12.86
101,2016,173,300,10.64,248,11.47,220,51.14,52.65,47.99,23.85,215,10.66,18.24,18.1,195.7,7.09,8.15,8.09,195.7,7.09,12.83
103,2016,173,300,10.64,248,12.41,1,51.14,54.34,47.99,24.33,8,10.88,17.28,16.97,198.6,10.79,7.72,7.59,198.6,10.8,12.83
101,2016,173,400,9.43,357,10.77,300,48.98,51.39,51.98,22.31,330,9.97,17.78,17.63,192.5,7.34,7.95,7.88,192.5,7.34,12.83
101,2016,173,500,8.74,452,9.71,413,47.73,49.47,57.04,21.79,432,9.74,19.42,19.32,196.5,5.749,8.68,8.64,196.5,5.749,12.8
101,2016,173,600,8.8,500,10.31,556,47.85,50.56,53.96,20.25,503,9.05,16.25,16.05,189,8.96,7.26,7.18,189,8.96,12.83
103,2016,173,600,8.74,452,10.77,300,47.73,51.39,53.96,22.31,330,9.97,17.82,17.64,192.9,7.98,7.96,7.89,192.9,7.98,12.83
101,2016,173,700,10.14,600,12.11,640,50.26,53.81,50.74,19.86,608,8.88,12.15,11.78,168.8,14.13,5.433,5.267,168.8,14.13,12.89
101,2016,173,800,10.8,705,13.97,759,51.45,57.15,45.88,16.09,722,7.19,8.69,8.31,163.4,16.83,3.883,3.715,163.4,16.83,12.99
101,2016,173,900,13.27,805,15.67,859,55.89,60.21,36.87,13.24,817,5.918,8.34,7.95,173.7,17.52,3.728,3.554,173.7,17.52,13.35
103,2016,173,900,10.14,600,15.67,859,50.26,60.21,36.87,19.86,608,8.88,9.73,9.33,168.6,16.43,4.348,4.169,168.6,16.43,13.35
101,2016,173,1000,15.17,911,17.03,1000,59.3,62.65,35.19,12.76,954,5.703,7.91,7.54,194.6,17.33,3.534,3.372,194.6,17.33,14.15
101,2016,173,1100,15.65,1038,18.33,1100,60.17,64.99,28.46,13.06,1054,5.84,5.461,4.277,231.4,37.71,2.441,1.912,231.4,37.71,14.08
101,2016,173,1200,15.72,1139,19.33,1107,60.29,66.8,27.66,14.12,1117,6.31,6.446,4.723,283,41.88,2.881,2.111,283,41.88,13.79
103,2016,173,1200,15.17,911,19.33,1107,59.3,66.8,27.66,14.12,1117,6.31,6.604,4.425,227.9,46.53,2.952,1.978,227.9,46.53,13.79
101,2016,173,1300,14.72,1258,18.03,1225,58.49,64.45,33.98,26.92,1247,12.03,10.64,9.97,307.7,20.43,4.757,4.455,307.7,20.43,13.71
101,2016,173,1400,13.48,1359,14.78,1300,56.27,58.61,34.02,30.47,1353,13.62,15.84,15.38,305.9,13.85,7.08,6.875,305.9,13.85,13.6
101,2016,173,1500,12.69,1432,13.93,1451,54.84,57.08,32.69,33.84,1404,15.13,15.24,14.16,318.9,21.6,6.814,6.329,318.9,21.6,13.57
103,2016,173,1500,12.69,1432,18.03,1225,54.84,64.45,32.69,33.84,1404,15.13,13.91,13.1,311,19.58,6.218,5.855,311,19.58,13.57
101,2016,173,1600,11.96,1551,13.3,1500,53.52,55.93,40.08,19.99,1514,8.94,10.85,9.12,58.45,32.33,4.851,4.078,58.45,32.33,13.57
101,2016,173,1700,9.96,1657,12.89,1600,49.92,55.21,55.88,27.09,1627,12.11,17.68,16.71,121.6,19.02,7.9,7.47,121.6,19.02,13.49
101,2016,173,1800,9.46,1711,11.3,1755,49.02,52.35,45.58,26.13,1753,11.68,11.23,8.9,76.5,36.9,5.019,3.978,76.5,36.9,13.37
103,2016,173,1800,9.46,1711,13.3,1500,49.02,55.93,45.58,27.09,1627,12.11,13.25,10.24,93.6,38.65,5.925,4.576,93.6,38.65,13.37
101,2016,173,1900,9.97,1825,11.44,1815,49.94,52.59,48.53,18.68,1801,8.35,9.33,6.512,125.1,44.5,4.169,2.911,125.1,44.5,13.3
101,2016,173,2000,9.3,1926,10.74,1958,48.73,51.34,46.26,21.88,1927,9.78,8.95,6.635,215.4,41.21,4.001,2.966,215.4,41.21,13.2
101,2016,173,2100,9.67,2059,10.94,2002,49.41,51.7,50.98,25.6,2031,11.44,10.29,7.89,44.73,39.1,4.6,3.528,44.73,39.1,13.11
103,2016,173,2100,9.3,1926,11.44,1815,48.73,52.59,50.98,25.6,2031,11.44,9.52,2.628,116.7,68.92,4.257,1.175,116.7,68.92,13.11
101,2016,173,2200,9.31,2146,10.34,2158,48.75,50.62,47.83,23.28,2159,10.41,6.779,6.195,167,23.76,3.03,2.769,167,23.76,13.04
101,2016,173,2300,9.74,2237,11.11,2220,49.53,52,45.26,28.41,2202,12.7,8.6,6.741,185.4,37.66,3.844,3.013,185.4,37.66,12.97
101,2016,173,2400,10.08,2300,11.41,2350,50.14,52.55,38.36,9.51,2311,4.252,5.165,4.494,215.1,29.18,2.309,2.009,215.1,29.18,12.91
103,2016,173,2400,9.31,2146,11.41,2350,48.75,52.55,38.36,28.41,2202,12.7,6.848,5.508,186.4,35.82,3.061,2.462,186.4,35.82,12.91
124,2016,173,2400,8.74,452,19.33,1107,47.73,66.8,38.36,33.84,1404,15.13,11.87,5.618,191.2,58.79,5.306,2.511,191.2,58.79,12.91,12.11,53.8
101,2016,174,100,10.61,35,11.72,55,51.1,53.09,36.25,9.69,11,4.331,4.072,3.15,236.9,38.55,1.82,1.408,236.9,38.55,12.86
101,2016,174,200,10.85,127,11.68,103,51.52,53.03,38.13,14.03,143,6.271,7.96,7.49,277.1,19.75,3.559,3.347,277.1,19.75,12.85
101,2016,174,300,10.34,235,11.41,220,50.62,52.55,38.46,13.85,201,6.193,4.081,3.154,287.6,38.6,1.824,1.41,287.6,38.6,12.83
103,2016,174,300,10.34,235,11.72,55,50.62,53.09,38.46,14.03,143,6.271,5.372,4.36,270.7,35.16,2.401,1.949,270.7,35.16,12.83
101,2016,174,400,10.11,323,10.98,300,50.2,51.76,38.93,5.48,330,2.45,3.249,2.673,173.8,34.1,1.452,1.195,173.8,34.1,12.82
101,2016,174,500,9.87,452,10.88,401,49.77,51.58,38.53,8.02,418,3.586,4.414,2.731,196.3,50.02,1.973,1.221,196.3,50.02,12.79
101,2016,174,600,10.58,509,12.99,553,51.04,55.38,37.39,6.971,511,3.116,2.46,.271,233.3,76.4,1.099,.121,233.3,76.4,12.8
103,2016,174,600,9.87,452,12.99,553,49.77,55.38,37.39,8.02,418,3.586,3.374,1.828,187.3,54.83,1.508,.817,187.3,54.83,12.8
101,2016,174,700,12.18,605,15.92,659,53.93,60.66,29.11,4.559,641,2.038,2.312,1.812,175.4,37.64,1.033,.81,175.4,37.64,12.91
101,2016,174,800,12.96,743,16.65,713,55.33,61.97,38.64,7.67,755,3.429,3.52,2.629,138.6,40.74,1.573,1.175,138.6,40.74,13.04
101,2016,174,900,13.79,822,17.37,900,56.83,63.26,31.48,7.06,815,3.155,3.633,2.872,146.8,37.08,1.624,1.284,146.8,37.08,13.58
103,2016,174,900,12.18,605,17.37,900,53.93,63.26,31.48,7.67,755,3.429,3.155,2.361,150.8,40.64,1.41,1.055,150.8,40.64,13.58
101,2016,174,1000,14.82,950,18.43,910,58.67,65.18,34.28,7.01,953,3.135,2.721,2.06,242.1,39.91,1.216,.921,242.1,39.91,14.04
101,2016,174,1100,14.01,1100,16.62,1035,57.22,61.92,35.79,13.55,1042,6.055,5.283,4.009,263.6,39.78,2.362,1.792,263.6,39.78,13.74
101,2016,174,1200,11.04,1153,14.15,1103,51.88,57.46,37.3,29.29,1120,13.09,13.62,10.17,175.4,40.77,6.086,4.545,175.4,40.77,13.46
103,2016,174,1200,11.04,1153,18.43,910,51.88,65.18,37.3,29.29,1120,13.09,7.21,4.194,203.4,52.37,3.221,1.875,203.4,52.37,13.46
101,2016,174,1300,9.39,1250,11.95,1200,48.9,53.51,55.18,34.5,1211,15.42,16.78,14.42,120.2,30.37,7.5,6.447,120.2,30.37,13.32
101,2016,174,1400,7.26,1342,9.46,1300,45.07,49.03,72,18.33,1313,8.19,8.34,1.866,16.37,71.4,3.728,.834,16.37,71.4,13.26
101,2016,174,1500,7.17,1408,9.85,1433,44.9,49.73,61.23,31.92,1454,14.27,9.3,4.884,217.3,55.82,4.158,2.183,217.3,55.82,13.25
103,2016,174,1500,7.17,1408,11.95,1200,44.9,53.51,61.23,34.5,1211,15.42,11.47,4.569,133,62.84,5.129,2.042,133,62.84,13.25
101,2016,174,1600,7.34,1539,9.45,1530,45.21,49.01,68.6,22.01,1549,9.84,8.95,5.589,289.2,49.63,4,2.498,289.2,49.63,13.29
101,2016,174,1700,7.67,1616,11.48,1659,45.81,52.67,61.33,17.84,1646,7.98,9.51,7.77,122.2,34.68,4.252,3.473,122.2,34.68,13.49
101,2016,174,1800,11.48,1700,13.92,1743,52.67,57.05,52.71,6.532,1716,2.92,3.667,3.329,194.4,24.59,1.639,1.488,194.4,24.59,13.45
103,2016,174,1800,7.34,1539,13.92,1743,45.21,57.05,52.71,22.01,1549,9.84,7.38,1.847,175.1,70.1,3.297,.826,175.1,70.1,13.45
101,2016,174,1900,10.42,1835,12.44,1800,50.76,54.39,53.54,6.971,1841,3.116,3.781,3.709,108.6,11.14,1.69,1.658,108.6,11.14,13.35
101,2016,174,2000,9.59,1904,11.33,1923,49.26,52.4,44.28,19.25,1914,8.6,8.71,7.44,320.8,30.92,3.894,3.327,320.8,30.92,13.23
101,2016,174,2100,9.07,2058,11.27,2000,48.33,52.29,61.32,24.99,2047,11.17,8.28,6.604,148.4,36.47,3.703,2.952,148.4,36.47,13.13
103,2016,174,2100,9.07,2058,12.44,1800,48.33,54.39,61.32,24.99,2047,11.17,6.925,.835,114.4,76,3.096,.373,114.4,76,13.13
101,2016,174,2200,8.8,2138,9.51,2104,47.85,49.11,66.14,25.51,2138,11.41,16.36,15.81,171.8,14.93,7.31,7.07,171.8,14.93,13.03
101,2016,174,2300,8.77,2259,9.71,2229,47.79,49.47,67.01,18.98,2218,8.49,14.26,13.73,180.3,15.63,6.374,6.137,180.3,15.63,12.97
101,2016,174,2400,8.44,2303,9.67,2349,47.18,49.41,58.51,21.13,2304,9.45,13.27,12.77,214.2,15.79,5.933,5.708,214.2,15.79,12.91
103,2016,174,2400,8.44,2303,9.71,2229,47.18,49.47,58.51,25.51,2138,11.41,14.63,13.42,187.1,23.35,6.54,5.997,187.1,23.35,12.91
124,2016,174,2400,7.17,1408,18.43,910,44.9,65.18,58.51,34.5,1211,15.42,7.44,3.3,185.4,60.42,3.325,1.475,185.4,60.42,12.91,11.31,52.36
101,2016,175,100,8.84,33,9.41,6,47.91,48.93,60.62,18.9,2,8.45,15.73,15.47,192.9,10.33,7.03,6.915,192.9,10.33,12.88
101,2016,175,200,8.4,112,9.27,139,47.12,48.69,60.22,20.03,117,8.96,13.23,13.06,180.8,9.29,5.915,5.837,180.8,9.29,12.84
101,2016,175,300,8.6,259,9.17,246,47.48,48.51,61.36,18.06,243,8.07,13.97,13.23,185.8,18.75,6.247,5.912,185.8,18.75,12.81
103,2016,175,300,8.4,112,9.41,6,47.12,48.93,61.36,20.03,117,8.96,14.31,13.86,186.9,14.31,6.397,6.197,186.9,14.31,12.81
101,2016,175,400,8.5,303,9.57,319,47.3,49.23,61.26,19.33,346,8.64,12.71,12.33,196.2,13.97,5.683,5.514,196.2,13.97,12.81
101,2016,175,500,8.27,416,8.98,457,46.88,48.16,60.39,17.45,412,7.8,13.58,13.29,190.9,11.79,6.07,5.941,190.9,11.79,12.77
101,2016,175,600,8.77,501,9.38,523,47.79,48.88,58.48,17.4,548,7.78,13.01,12.81,190.7,10.13,5.817,5.726,190.7,10.13,12.8
103,2016,175,600,8.27,416,9.57,319,46.88,49.23,58.48,19.33,346,8.64,13.1,12.8,192.5,12.3,5.856,5.721,192.5,12.3,12.8
101,2016,175,700,8.91,601,10.38,654,48.03,50.68,54.43,18.63,636,8.33,14.55,14.29,190.5,10.89,6.505,6.387,190.5,10.89,12.88
101,2016,175,800,10.31,700,12.34,759,50.56,54.22,53.68,16.26,704,7.27,10.68,10.48,191.2,11.09,4.772,4.683,191.2,11.09,13.01
101,2016,175,900,11.23,859,12.6,836,52.21,54.69,54.68,19.6,842,8.76,12.95,12.62,193.2,12.92,5.788,5.641,193.2,12.92,13.34
103,2016,175,900,8.91,601,12.6,836,48.03,54.69,54.68,19.6,842,8.76,12.73,12.46,191.6,11.73,5.688,5.569,191.6,11.73,13.34
101,2016,175,1000,11.03,902,13.97,940,51.85,57.15,46.11,21.74,928,9.72,13.85,13.34,198.7,15.65,6.192,5.961,198.7,15.65,14.26
101,2016,175,1100,12.66,1020,14.73,1050,54.79,58.52,40.18,29.99,1059,13.4,13.06,12.36,210.7,18.65,5.837,5.527,210.7,18.65,13.8
101,2016,175,1200,10.22,1109,15.47,1148,50.39,59.85,34.83,43.45,1106,19.42,13.51,12.66,227.1,20.25,6.038,5.661,227.1,20.25,14.26
103,2016,175,1200,10.22,1109,15.47,1148,50.39,59.85,34.83,43.45,1106,19.42,13.47,12.52,211.9,21.5,6.022,5.598,211.9,21.5,14.26
101,2016,175,1300,9.98,1245,15.3,1201,49.97,59.55,45.27,32.05,1205,14.33,10.7,7.95,.222,41.06,4.781,3.553,.222,41.06,14.27
101,2016,175,1400,11.82,1359,14.57,1300,53.28,58.22,45.8,30.21,1400,13.5,12.07,7.53,199.4,49.66,5.394,3.367,199.4,49.66,13.72
101,2016,175,1500,10.42,1416,12.9,1500,50.75,55.22,42.93,39.46,1409,17.64,20.18,17.29,213.4,30.62,9.02,7.73,213.4,30.62,14.11
103,2016,175,1500,9.98,1245,15.3,1201,49.97,59.55,42.93,39.46,1409,17.64,14.31,6.042,221.5,61.57,6.398,2.701,221.5,61.57,14.11
101,2016,175,1600,12.77,1500,14.5,1544,54.98,58.1,39.88,19.9,1503,8.9,12.01,9.72,196,35.38,5.368,4.344,196,35.38,13.93
101,2016,175,1700,11.72,1656,14.73,1637,53.09,58.51,56.93,23.72,1619,10.6,13.02,8.68,316.4,46.73,5.819,3.882,316.4,46.73,13.76
101,2016,175,1800,10.65,1757,12.82,1702,51.16,55.07,63.59,18.94,1703,8.47,9.81,9.56,350.2,12.85,4.385,4.275,350.2,12.85,13.63
103,2016,175,1800,10.65,1757,14.73,1637,51.16,58.51,63.59,23.72,1619,10.6,11.61,4.038,301.8,65.42,5.191,1.805,301.8,65.42,13.63
101,2016,175,1900,10.85,1800,12.36,1832,51.52,54.24,55.57,9.34,1801,4.174,5.942,5.785,328.8,13.14,2.656,2.586,328.8,13.14,13.5
101,2016,175,2000,10.93,1959,11.82,1906,51.68,53.28,54.14,9.12,1929,4.076,5.029,4.689,307.9,21.04,2.248,2.096,307.9,21.04,13.34
101,2016,175,2100,10.37,2011,11.41,2047,50.66,52.53,46.66,11,2042,4.919,7.1,6.994,219.5,10.06,3.175,3.126,219.5,10.06,13.25
103,2016,175,2100,10.37,2011,12.36,1832,50.66,54.24,46.66,11,2042,4.919,6.025,3.802,282.3,49.2,2.693,1.699,282.3,49.2,13.25
101,2016,175,2200,10.87,2156,11.41,2140,51.57,52.54,44.45,11.92,2135,5.33,7.61,7.48,228.3,10.5,3.401,3.343,228.3,10.5,13.15
101,2016,175,2300,9.33,2254,11.44,2203,48.8,52.59,61.28,21.53,2246,9.62,13.45,12.72,179.6,18.78,6.01,5.687,179.6,18.78,13.07
101,2016,175,2400,8.2,2325,9.77,2307,46.75,49.58,50.07,27.84,2308,12.44,14.42,12.85,173.1,26.73,6.448,5.746,173.1,26.73,13
103,2016,175,2400,8.2,2325,11.44,2203,46.75,52.59,50.07,27.84,2308,12.44,11.83,10.24,187.4,29.67,5.286,4.577,187.4,29.67,13
124,2016,175,2400,8.2,2325,15.47,1148,46.75,59.85,50.07,43.45,1106,19.42,12.17,8.27,203.2,45.86,5.441,3.697,203.2,45.86,13,11.08,51.95
101,2016,176,100,8.37,54,9.71,5,47.06,49.47,56.54,24.95,45,11.15,12.11,11.54,170.8,17.63,5.414,5.157,170.8,17.63,12.92
101,2016,176,200,7.87,158,8.6,100,46.17,47.48,61.2,20.87,101,9.33,12.15,11.67,160.5,16.24,5.433,5.214,160.5,16.24,12.9
101,2016,176,300,7.54,213,8.11,254,45.57,46.6,61.53,15.21,232,6.8,11.05,10.77,170.9,12.83,4.939,4.815,170.9,12.83,12.84
103,2016,176,300,7.54,213,9.71,5,45.57,49.47,61.53,24.95,45,11.15,11.77,11.28,167.3,16.49,5.262,5.044,167.3,16.49,12.84
101,2016,176,400,7.24,347,7.87,308,45.03,46.17,68.23,15.08,342,6.741,13.16,13.1,197,5.367,5.881,5.855,197,5.367,12.81
101,2016,176,500,7.24,418,7.68,429,45.03,45.82,71.4,15.04,423,6.722,12.78,12.63,190.5,8.76,5.713,5.646,190.5,8.76,12.79
101,2016,176,600,7.28,501,8.79,545,45.1,47.81,66.39,15.04,516,6.722,12.54,12.33,192.8,10.7,5.607,5.509,192.8,10.7,12.85
103,2016,176,600,7.24,347,8.79,545,45.03,47.81,66.39,15.08,342,6.741,12.83,12.67,193.5,8.95,5.734,5.664,193.5,8.94,12.85
101,2016,176,700,7.94,619,10.62,659,46.3,51.11,59.99,14.73,617,6.584,9.73,9.06,181.9,21.27,4.35,4.05,181.9,21.27,12.97
101,2016,176,800,10.62,700,12.61,749,51.11,54.7,58.17,11.57,716,5.174,7.77,6.443,188.3,33.51,3.475,2.88,188.3,33.51,13.1
101,2016,176,900,12.48,800,14.94,840,54.46,58.89,41.49,11.57,829,5.174,4.468,3.417,178.8,39.29,1.997,1.527,178.8,39.29,13.89
103,2016,176,900,7.94,619,14.94,840,46.3,58.89,41.49,14.73,617,6.584,7.32,6.295,183.5,30.38,3.274,2.814,183.5,30.38,13.89
101,2016,176,1000,11.92,934,15.74,924,53.45,60.32,45.66,14.99,958,6.702,6.447,5.094,253,37.11,2.882,2.277,253,37.11,13.84
101,2016,176,1100,10.89,1059,12.08,1000,51.59,53.75,45.6,23.59,1037,10.54,16.5,16.28,312.7,9.41,7.38,7.28,312.7,9.41,13.8
101,2016,176,1200,10.75,1129,12.23,1154,51.35,54.01,50.99,20.25,1114,9.05,8.94,7.12,320.9,36.56,3.996,3.182,320.9,36.56,13.72
103,2016,176,1200,10.75,1129,15.74,924,51.35,60.32,50.99,23.59,1037,10.54,10.63,8.7,305.2,34.46,4.751,3.891,305.2,34.46,13.72
101,2016,176,1300,10.16,1214,11.26,1201,50.28,52.27,50.26,18.06,1244,8.07,8.63,5.472,50.63,49.01,3.859,2.446,50.63,49.01,13.77
101,2016,176,1400,10.23,1340,11.44,1400,50.42,52.59,53.98,11.18,1301,4.997,3.907,3.423,12.2,28.5,1.747,1.53,12.2,28.5,14.36
101,2016,176,1500,9.79,1453,12.54,1404,49.63,54.58,56.99,17.62,1422,7.88,9.02,8.29,320.6,23,4.032,3.707,320.6,23,13.89