301,2016,172,100,7.45,50,8.78,19,62.49,1.666,51,.858,.826,268.4,15.45,1.901,50,.973,.947,261.6,13.25,.35,.226,-3.502,-4.217,-3.845,268.8,5.642,10.61,3.893,4.113,4.356,4.473,.15,12.97,0,0,935,30.65,0,-47.83,10.19,14.81,15.46,11.87,.267,8.42,56,10.03,19,56.68,0
301,2016,172,200,7.41,107,8.12,118,63.03,1.783,131,1.032,1.01,263.9,11.84,1.783,128,1.166,1.152,256.8,8.95,.465,.287,-3.353,-4.01,-3.796,267.3,4.977,9.78,3.258,3.459,3.697,3.815,.137,12.96,0,0,935,30.65,0,-46.43,9.36,14.06,14.96,11.87,.266,8.42,100,9.29,138,56.15,0
301,2016,172,300,7.48,213,8.15,224,63.47,1.764,235,.988,.964,265.6,12.65,1.783,231,1.216,1.201,259.8,8.78,.364,.231,-3.252,-3.98,-3.735,266.9,4.618,9.11,3.235,3.472,3.716,3.837,.148,12.94,0,0,935,30.64,0,-44.13,8.66,13.35,14.48,11.84,.265,8.49,215,9.5,230,56.41,0
303,2016,172,300,7.41,107,8.78,19,63.47,1.783,131,.959,.933,265.8,13.4,1.901,50,1.118,1.099,259.3,10.51,.393,.248,-3.369,-4.069,-3.792,267.7,5.079,9.83,3.462,3.682,3.923,4.042,.148,12.94,0,0,935
301,2016,172,400,6.944,340,7.92,310,66.69,2.077,343,.958,.921,267.2,16.01,1.744,312,.995,.968,261.2,13.39,.291,.169,-3.36,-4.015,-3.744,265.4,4.139,8.52,2.826,3.075,3.347,3.502,.147,12.93,0,0,935,30.64,0,-42.57,8.05,12.71,14.02,11.79,.263,8.15,359,9.03,311,58.63,0
301,2016,172,500,6.681,445,7.62,428,66.43,2.136,423,1.034,.996,268.4,15.46,1.96,425,1.068,1.029,263,15.44,.595,.403,-1.319,-3.379,-1.828,263.1,3.76,7.98,2.637,2.935,3.235,3.397,.142,12.93,0,0,935,30.64,0,-41.15,7.49,12.13,13.57,11.71,.262,7.89,454,8.83,429,58.91,0
301,2016,172,600,6.951,500,13.29,558,47.15,2.548,557,1.262,1.163,244.8,22.76,2.41,557,1.236,1.144,242.2,22.1,18.79,16.76,84.3,43.32,79.4,266.7,5.693,7.79,5.75,6.212,6.422,6.381,.147,12.95,0,0,935,30.65,0,-25.45,7.41,11.58,13.14,11.62,.26,7.89,500,13.93,558,39.69,0
303,2016,172,600,6.681,445,13.29,558,47.15,2.548,557,1.085,1.007,259.2,21.68,2.41,557,1.1,1.033,254.9,20.05,6.559,5.776,26.55,11.98,24.61,265.1,4.531,8.1,3.738,4.074,4.335,4.427,.147,12.95,0,0,935
301,2016,172,700,12.96,600,17.53,654,34.94,3.449,632,1.061,.667,185.2,49.33,3.527,639,.945,.642,197.4,45.88,63.61,52.94,297.6,73.2,282.4,274.7,12.85,9.62,16.49,15.81,15.63,15.22,.109,12.97,0,0,935,30.67,0,26.82,10.82,11.3,12.74,11.51,.26,13.66,600,17.13,653,32.22,0
301,2016,172,800,17.23,701,19.38,755,34.25,3.233,749,1.203,.915,120.1,39.66,3.175,749,.808,.528,102.1,47.68,94,77,519.3,277.2,494.4,280.4,19.98,12.96,21.52,20.08,19.51,19.04,.124,13,0,0,935,30.68,0,88.9,16.53,11.73,12.4,11.4,.261,16.46,700,18.71,756,32.68,0
301,2016,172,900,18.68,805,20.51,831,26.9,3.449,821,1.326,.432,201.4,66.5,3.743,820,1.201,.364,219.7,67.62,120.1,98.3,725,380.3,691.4,286.4,26.81,16.61,24.53,22.87,22.13,21.64,.137,13.1,0,0,935,30.69,0,139.1,22.52,12.84,12.17,11.29,.264,18.17,807,19.83,859,24.08,0
303,2016,172,900,12.96,600,20.51,831,26.9,3.449,632,1.197,.543,159.3,59.86,3.743,820,.984,.335,174.7,65.78,92.6,76.1,514.3,243.9,489.8,280.5,19.89,13.07,20.85,19.59,19.1,18.64,.137,13.1,0,0,935
301,2016,172,1000,20.2,900,21.76,940,22.03,4.625,946,1.476,.477,286.1,66.65,4.429,934,1.44,.471,301.2,66.44,139.6,114.2,894,467.1,854,293,32.65,19.82,24.52,23.33,22.74,22.85,.134,13.19,0,0,935,30.69,0,143.5,27.91,14.46,12.15,11.17,.268,19.69,920,21.09,942,19.11,0
301,2016,172,1100,20.69,1000,22.5,1036,20.92,4.821,1032,1.596,.174,111.1,76.5,4.801,1037,1.472,.093,66.17,78.4,154.4,126.4,1023,533.2,976,298.1,37.43,22.56,25.99,24.8,23.94,23.54,.143,13.26,0,0,935,30.7,0,229.3,31.28,16.43,12.4,11.08,.272,20.15,1000,21.83,1056,17.77,0
312,2016,172,1130,1032,1081,562.6,299.3
312,2016,172,1132,1044,1096,569.1,304.8
312,2016,172,1134,1042,1094,568.9,305.2
312,2016,172,1136,1035,1087,564.9,306.3
312,2016,172,1138,1036,1087,564.5,306.2
312,2016,172,1140,1038,1089,564.4,304.7
312,2016,172,1142,1042,1093,566,305.3
312,2016,172,1144,1047,1098,569.2,304.5
312,2016,172,1146,1050,1101,570.7,304.8
312,2016,172,1148,1058,1111,575.6,305.4
312,2016,172,1150,1058,1110,575.8,306
312,2016,172,1152,1059,1112,576.5,304.9
312,2016,172,1154,1055,1107,575.1,304.4
312,2016,172,1156,1053,1105,573.3,304.2
312,2016,172,1158,1053,1105,572.6,303.6
301,2016,172,1200,21.76,1117,23.17,1124,24.34,5.605,1117,1.73,.682,233.7,63.04,5.389,1116,1.633,.577,233.9,65.13,161.2,132,1090,565.7,1039,304.7,40.65,27.46,30.05,28.15,27.06,26.45,.13,13.4,0,0,935,30.68,0,264.8,34.71,18.44,12.95,11.02,.275,21.09,1118,22.36,1124,20.72,0
303,2016,172,1200,20.2,900,23.17,1124,24.34,5.605,1117,1.601,.303,248.4,72.9,5.389,1116,1.515,.262,265.7,73.7,151.7,124.2,1003,522,956,298.6,36.91,23.28,26.85,25.43,24.58,24.28,.13,13.4,0,0,935
312,2016,172,1200,1057,1109,574.9,304.3
312,2016,172,1202,1055,1107,574.8,304.9
312,2016,172,1204,1058,1110,576.6,303.6
312,2016,172,1206,1059,1112,577.2,303.2
312,2016,172,1208,963,1116,579.4,302.9
312,2016,172,1210,439.7,1118,580.6,303.2
312,2016,172,1212,85,1119,581.9,304
312,2016,172,1214,60.15,1117,581.1,304.9
312,2016,172,1216,59.81,1116,581.6,303.9
312,2016,172,1218,59.75,1120,583.6,303.6
312,2016,172,1220,60.26,1123,585.1,302.4
312,2016,172,1222,60.3,1129,589.3,301.8
312,2016,172,1224,61.42,1129,590.9,303
312,2016,172,1226,129.7,1129,589.7,303.6
312,2016,172,1228,612.1,1131,591.9,303
312,2016,172,1230,1029,1122,586.4,303.5
312,2016,172,1232,1063,1115,582.2,305.2
312,2016,172,1234,1061,1112,580.3,304.8
312,2016,172,1236,1064,1115,581.8,305.4
312,2016,172,1238,1064,1115,581.5,305.4
312,2016,172,1240,1059,1111,578.2,307
312,2016,172,1242,1060,1111,578.2,307.1
312,2016,172,1244,1061,1111,578.2,308.1
312,2016,172,1246,1058,1109,576.2,307.9
312,2016,172,1248,1057,1109,575.2,308
312,2016,172,1250,1057,1108,576,309
312,2016,172,1252,1056,1108,575.5,308.8
312,2016,172,1254,1060,1112,578.3,309.8
312,2016,172,1256,1046,1097,571.4,310.1
312,2016,172,1258,966,1013,526.9,310
301,2016,172,1300,22.56,1212,23.73,1233,22.86,4.723,1206,1.447,.664,252.2,59.59,4.174,1222,1.346,.519,251.5,63.49,161.1,132.7,1101,572.9,742,305.5,41.56,31.08,31.03,28.94,27.83,27.12,.141,13.53,0,0,935,30.66,0,209.6,37.13,20.5,13.75,11.02,.278,21.82,1204,23.02,1252,20.98,0
301,2016,172,1400,20.8,1359,24.26,1320,23.9,4.448,1322,1.529,.968,236.1,49.04,4.605,1304,1.473,.887,232.6,51.1,119,98.5,824,424.6,784,317.4,38,33.09,29.45,27.66,26.77,26.18,.16,13.42,0,0,935,30.63,0,122.6,37.35,22.38,14.74,11.08,.281,20.6,1359,23.28,1320,20.65,0
301,2016,172,1500,18.57,1459,23.12,1425,32.12,5.095,1418,1.748,1.451,240,33.37,4.39,1414,1.614,1.309,232.4,35.19,64.38,53.09,442.4,220.1,416.7,333,28.91,29.41,24.28,23.35,22.86,22.52,.17,13.36,0,0,935,30.62,0,39.68,32.23,23.41,15.81,11.2,.28,18.81,1458,22.55,1425,27.43,0
303,2016,172,1500,18.57,1459,24.26,1320,32.12,5.095,1418,1.575,1.022,241.4,47.97,4.605,1304,1.477,.897,236.1,50.76,114.8,94.8,789,405.9,647.5,318.6,36.16,31.2,28.25,26.65,25.82,25.27,.17,13.36,0,0,935
301,2016,172,1600,17.88,1559,19.14,1530,32.56,4.409,1518,1.596,1.277,246.9,36.23,3.939,1523,1.39,1.058,240,39.62,17.82,14.08,118.9,50.77,110.5,345.4,20.85,24.58,18.67,18.43,18.31,18.27,.162,13.27,0,0,935,30.62,0,-13.34,26.79,23.19,16.73,11.37,.276,17.88,1559,19.28,1530,29.04,0
301,2016,172,1700,17.94,1600,20.94,1659,22.24,6.29,1616,1.062,.103,237.4,77,5.252,1616,.921,.089,231.7,77,37.8,31.15,240.8,114.9,223.2,343.7,21.49,22.48,19.73,19.45,19.31,19.22,.152,13.35,0,0,935,30.61,0,9.61,24.24,22.25,17.29,11.59,.272,17.88,1600,20.84,1659,18.78,0
301,2016,172,1800,15.48,1753,21.21,1704,41.86,3.723,1754,1.05,.42,293.6,62.72,3.586,1754,1.057,.443,284.8,61.74,25.22,20.89,159.3,73.1,150,326,19.22,-6999,18.26,17.94,17.81,17.72,.131,13.2,0,0,935,30.61,0,-.571,23.22,21.52,17.5,11.83,.269,16.01,1753,21.24,1704,32.94,0
303,2016,172,1800,15.48,1753,21.21,1704,41.86,6.29,1616,1.236,.564,256.7,59.73,5.252,1616,1.123,.497,251.5,60.47,26.95,22.04,173,79.6,161.3,338.4,20.52,-6999,18.89,18.61,18.48,18.4,.131,13.2,0,0,935
301,2016,172,1900,12.5,1854,16.62,1803,53.2,2.371,1803,.983,.883,276.4,25.89,2.567,1803,.997,.906,271.7,24.38,5.657,4.312,41.37,15.05,39.36,314.6,14.32,-6999,12.43,12.35,12.31,12.31,.165,13.14,0,0,935,30.62,0,-32.08,20.2,20.84,17.54,12.07,.267,13.6,1853,17.29,1800,45.36,0
301,2016,172,2000,12.27,1910,15.12,1953,49.92,7.07,1937,1.714,1.146,264.9,46.62,6.8,1937,1.575,1.056,261.6,46.47,2.026,1.68,2.363,-.439,2.148,353.6,13.31,17.35,11.63,11.62,11.85,11.81,.156,13.07,0,0,935,30.64,0,-35.85,18,19.91,17.47,12.26,.265,13.21,1911,15.56,1954,42.95,0
301,2016,172,2100,10.68,2059,13.41,2000,58.4,4.566,2008,1.586,1.418,258.6,26.37,4.409,2008,1.477,1.3,256.4,28.04,-.349,-.433,-3.454,-3.638,-3.085,312.6,10.65,-6999,9.45,9.54,9.62,9.69,.148,13.05,0,0,935,30.64,0,-44.44,16.07,18.96,17.25,12.42,.262,11.74,2040,14.22,2000,48.46,0
303,2016,172,2100,10.68,2059,16.62,1803,58.4,7.07,1937,1.427,1.139,265.3,36.38,6.8,1937,1.349,1.081,262.3,36.13,2.452,1.859,13.47,3.677,12.85,327,12.76,-6999,11.17,11.18,11.27,11.27,.148,13.05,0,0,935
301,2016,172,2200,9.07,2119,10.64,2100,58.03,2.567,2110,1.321,1.273,263.9,15.5,2.332,2135,1.277,1.226,262.1,16.08,.079,-.055,-3.841,-4.204,-3.768,284.8,8.52,-6999,6.746,6.848,6.938,7.01,.17,13.02,0,0,935,30.63,0,-49.25,14.18,18.01,16.95,12.55,.26,9.94,2120,11.82,2100,50.75,0
301,2016,172,2300,9.11,2249,10.86,2254,57.04,3.39,2253,1.675,1.611,258.8,15.94,2.802,2252,1.572,1.502,258.1,17.13,.431,.231,-3.291,-3.99,-3.668,277.9,7.44,-6999,6.007,6.224,6.379,6.5,.167,12.99,0,0,935,30.63,0,-49.19,12.64,17.05,16.58,12.64,.257,10.29,2234,12.31,2254,47.54,0
301,2016,172,2400,9.35,2324,10.39,2312,56.14,2.763,2301,1.55,1.492,253.7,15.71,2.508,2336,1.515,1.457,252.6,15.97,.214,.097,-2.928,-3.436,-3.152,292.3,7.41,11.91,6.152,6.317,6.44,6.548,.167,12.98,0,0,935,30.62,0,-42.15,11.75,16.15,16.16,12.69,.255,10.63,2333,11.84,2318,46.47,0
303,2016,172,2400,9.07,2119,10.86,2254,56.14,3.39,2253,1.516,1.455,258.5,16.23,2.802,2252,1.455,1.392,257.4,16.85,.242,.091,-3.353,-3.877,-3.53,285,7.79,-6999,6.302,6.463,6.585,6.688,.167,12.98,0,0,935
324,2016,172,2400,6.681,445,24.26,1320,43.12,7.07,1937,1.325,.788,252.7,51.55,6.8,1937,1.265,.782,252,50.04,49.49,40.65,314.2,157.5,285.8,297.6,17.96,-6999,14.94,14.46,14.26,14.13,.167,12.98,0,0,935,0,14.97,31.7,19.54,17,14.92,11.7,.267,7.89,454,23.28,1320,36.99,15.33
301,2016,173,100,9.69,0,11.6,36,58.39,2.783,35,1.638,1.571,251.7,16.37,2.508,17,1.561,1.491,254.5,17.11,.321,.119,-3.228,-3.823,-3.523,282.8,6.816,11.21,5.97,6.266,6.463,6.631,.173,12.96,0,0,935,30.62,0,-41.24,10.99,15.38,15.72,12.7,.254,10.9,59,12.98,36,50.97,0
301,2016,173,200,8.21,157,10.19,102,65.5,2.841,123,1.475,1.447,259.2,11.15,2.175,103,1.421,1.396,259.9,10.59,-.009,-.12,-3.86,-4.242,-3.825,278,6.081,10.55,5.063,5.304,5.459,5.597,.176,12.95,0,0,935,30.61,0,-40.4,10.26,14.68,15.29,12.69,.253,9.35,158,11.17,102,55.87,0
301,2016,173,300,8.45,207,10.6,237,60.67,2.704,236,1.668,1.631,251.3,12.07,2.548,238,1.609,1.579,254.1,11.18,.426,.174,-3.112,-3.746,-3.456,277,5.735,9.88,4.767,5.048,5.228,5.384,.182,12.95,0,0,935,30.6,0,-39.31,9.57,14.04,14.86,12.64,.251,9.49,207,11.91,237,52.04,0
303,2016,173,300,8.21,157,11.6,36,60.67,2.841,123,1.594,1.547,253.9,13.91,2.548,238,1.53,1.487,256,13.59,.246,.058,-3.4,-3.937,-3.601,279.3,6.211,10.55,5.267,5.539,5.717,5.871,.182,12.95,0,0,935
301,2016,173,400,8.15,358,10.19,307,65.94,2.9,306,1.301,1.235,244.4,18.28,2.822,304,1.232,1.167,245.2,18.64,.05,-.116,-3.851,-4.272,-3.792,275.2,5.229,9.37,4.247,4.53,4.727,4.916,.154,12.93,0,0,935,30.6,0,-37.88,9,13.44,14.45,12.58,.25,9.29,357,11.64,307,57.68,0
301,2016,173,500,8.15,403,9.72,447,66.17,3.567,447,1.634,1.554,239.1,17.91,2.685,447,1.522,1.443,237.5,18.47,.558,.29,-1.475,-3.282,-1.739,273.1,5.008,-6999,4.201,4.503,4.698,4.886,.164,12.92,0,0,935,30.6,0,-36.35,8.46,12.89,14.05,12.5,.249,9.29,457,10.76,421,58.49,0
301,2016,173,600,7.98,515,13.82,600,50.29,3.037,559,1.146,1.008,232.5,28.13,2.783,547,1.091,.954,232,28.79,18.4,16.49,80.9,40.97,76.4,275.1,6.503,-6999,6.386,6.873,7.06,7.05,.169,12.94,0,0,935,30.61,0,-21.47,8.38,12.39,13.66,12.4,.247,9.09,521,13.92,559,45.93,0
303,2016,173,600,7.98,515,13.82,600,50.29,3.567,447,1.36,1.262,239.1,21.83,2.822,304,1.282,1.183,238.6,22.49,6.337,5.553,25.2,11.14,23.61,274.5,5.58,-6999,4.945,5.302,5.496,5.618,.169,12.94,0,0,935
301,2016,173,700,13.75,600,16.96,650,46.45,4.096,633,.981,.372,217.3,63.8,3.723,633,.895,.301,227.7,65.96,65.44,55.46,306.7,84.9,290.8,287.9,13.74,10.52,16.89,16.19,15.97,15.59,.153,12.96,0,0,935,30.62,0,35.04,11.59,12.13,13.3,12.29,.247,13.85,600,16.39,650,43.3,0
301,2016,173,800,14.98,704,18.25,752,39.46,3.429,734,1.176,.646,152.6,54.38,3.802,718,.946,.442,156.1,59.1,87.5,72.5,476.5,250.2,453.2,286.8,18.69,13.41,19.74,18.49,18.01,17.56,.157,13.01,0,0,935,30.62,0,75.7,16.19,12.55,12.99,12.17,.248,14.57,704,17.78,752,36.1,0
301,2016,173,900,17.04,801,19.3,857,41.59,4.938,853,1.596,.234,198.4,74.8,5.448,853,1.495,.145,276.8,77,118.2,97.9,700,364.7,668.5,292.3,25.24,16.57,22.78,21.16,20.48,19.99,.171,13.12,0,0,935,30.62,0,123,22.2,13.48,12.8,12.06,.251,16.37,800,18.76,857,33,0
303,2016,173,900,13.75,600,19.3,857,41.59,4.938,853,1.251,.364,180.1,68.2,5.448,853,1.112,.206,197.7,73.1,90.4,75.3,494.4,233.3,470.8,289,19.23,13.5,19.8,18.61,18.15,17.71,.171,13.12,0,0,935
301,2016,173,1000,18.73,900,20.93,952,29.88,5.056,957,1.67,.865,76.6,56.23,4.644,916,1.536,.839,50.8,54.57,138.3,114.3,874,452.6,834,299.1,31.38,-6999,23.9,22.43,21.75,21.7,.175,13.17,0,0,935,30.61,0,137,27.69,14.87,12.78,11.94,.255,18.49,904,20.3,952,28.3,0
301,2016,173,1100,20.26,1006,22.13,1046,26.42,5.017,1005,1.715,.458,289.5,69.36,4.742,1005,1.698,.397,295.7,70.9,153,126.4,1008,522.2,961,303.4,36.14,22.6,26.13,24.78,23.88,23.45,.177,13.29,0,0,935,30.61,0,212.3,31.37,16.66,13,11.84,.259,19.69,1009,21.43,1046,23.67,0
312,2016,173,1130,738,774,398.7,307.8
312,2016,173,1132,1068,1123,582,312
312,2016,173,1134,1074,1130,586.2,313.5
312,2016,173,1136,1081,1138,591.2,315.9
312,2016,173,1138,1098,1155,600.4,317.8
312,2016,173,1140,1113,1170,607.6,319.1
312,2016,173,1142,1120,1179,610.8,318.2
312,2016,173,1144,1115,1175,607.8,316.8
312,2016,173,1146,1105,1165,602.9,317.4
312,2016,173,1148,1120,1182,614.9,318.7
312,2016,173,1150,1135,1198,624.4,321.6
312,2016,173,1152,854,902,474.1,322.7
312,2016,173,1154,169,184.9,95.3,316.3
312,2016,173,1156,212.4,236.3,111.9,315.8
312,2016,173,1158,811,864,433.2,318.2
301,2016,173,1200,20.69,1155,22.26,1109,22.93,5.683,1119,1.486,.243,216.8,74.1,4.625,1119,1.401,.19,228,75.3,155.1,128.3,1039,537.9,987,313,39.26,27.74,29.32,27.24,26.19,25.55,.176,13.51,0,0,935,30.6,0,226.8,35.01,18.59,13.51,11.78,.262,20.22,1156,21.49,1109,19.18,0
303,2016,173,1200,18.73,900,22.26,1109,22.93,5.683,1119,1.624,.103,58.98,78.4,4.742,1005,1.545,.198,14.79,75.6,148.8,123,974,504.2,927,305.2,35.59,-6999,26.45,24.81,23.94,23.57,.176,13.51,0,0,935
312,2016,173,1200,993,1055,538.4,322.2
312,2016,173,1202,947,1006,515.2,323.6
312,2016,173,1204,977,1039,535.8,325.1
312,2016,173,1206,774,841,433.7,325.1
312,2016,173,1208,482.3,556.8,282.6,322.2
312,2016,173,1210,495.7,881,448.8,324.2
312,2016,173,1212,294.1,1145,587.7,326.7
312,2016,173,1214,276.7,1249,644.4,328
312,2016,173,1216,276,1272,659.6,330.2
312,2016,173,1218,282.2,1252,651,330.9
312,2016,173,1220,297.1,1212,630.9,333.7
312,2016,173,1222,306.7,1124,586.2,334.3
312,2016,173,1224,294,530.8,275.1,334.2
312,2016,173,1226,278,374,188.5,333.8
312,2016,173,1228,251.5,276.7,136.9,333.7
312,2016,173,1230,236.5,255.6,122.1,334.2
312,2016,173,1232,214.2,229.2,106.4,335.6
312,2016,173,1234,192.1,204.2,92.7,337.2
312,2016,173,1236,172.7,182.9,81.4,339.1
312,2016,173,1238,162.2,171.4,75,340.1
312,2016,173,1240,164.1,173.2,75.4,341.9
312,2016,173,1242,165,173.4,75.9,344
312,2016,173,1244,158.5,166.7,72.6,345.6
312,2016,173,1246,152,160.4,69.23,347.4
312,2016,173,1248,147.3,155.6,66.86,349.1
312,2016,173,1250,143.5,152.2,64.91,350.3
312,2016,173,1252,141.4,150.3,63.77,352.1
312,2016,173,1254,138.2,147.2,62.46,353.5
312,2016,173,1256,134.2,143.4,60.59,354.1
312,2016,173,1258,130.2,139.2,58.78,354.1
301,2016,173,1300,18.54,1259,23.06,1217,32.35,5.369,1242,1.892,1.479,240.9,37.87,5.311,1242,1.769,1.313,234.8,41.15,76.8,63.59,517.3,259.7,294,337.9,30.8,28.38,24.88,23.62,23.05,22.72,.181,13.34,0,0,935,30.59,0,92.4,33.49,20.62,14.26,11.77,.265,18.41,1258,22.29,1217,28.5,0
301,2016,173,1400,17.88,1348,18.61,1300,27.53,5.213,1347,1.687,1.118,253.3,47.01,4.938,1352,1.513,.925,247.2,50.5,23.03,18.35,159.3,67.91,147.5,352.7,20.73,23.1,18.56,18.3,18.18,18.13,.189,13.3,0,0,935,30.58,0,-.232,26.09,21.36,15.15,11.81,.263,17.81,1347,18.67,1302,24.01,0
301,2016,173,1500,16.82,1419,18.33,1430,30.39,9.07,1418,2.199,1.39,255.4,49.14,7.68,1417,1.996,1.163,248.3,52.32,46.22,38.25,308.9,147.2,290,340.2,21.29,21.82,19.04,18.52,18.29,18.13,.192,13.28,0,0,935,30.58,0,17.39,24.02,20.82,15.86,11.91,.259,16.62,1419,18.09,1430,26.3,0
303,2016,173,1500,16.82,1419,23.06,1217,30.39,9.07,1418,1.926,1.32,249.5,45.43,7.68,1417,1.759,1.127,242.8,48.57,48.66,40.05,328.4,158.2,243.7,343.6,24.27,24.43,20.83,20.14,19.84,19.66,.192,13.28,0,0,935
301,2016,173,1600,15.31,1529,17.02,1500,31.73,3.821,1520,.946,.277,301.7,68.14,4.86,1520,.892,.292,288.2,66.44,24.86,20.19,172.1,77.9,160.3,340.7,18.55,20.62,16.5,16.21,16.07,15.99,.199,13.34,0,0,935,30.57,0,2.144,22.25,20.33,16.24,12.07,.256,15.41,1529,17.09,1500,28.44,0
301,2016,173,1700,14.42,1658,16.95,1603,46.67,5.154,1617,1.286,.489,6.714,63.77,5.585,1617,1.285,.618,4.152,58.38,26.67,22,178.4,83.1,166,342.5,18.57,20.16,16.72,16.22,15.99,15.85,.184,13.21,0,0,935,30.56,0,8.53,21.68,19.81,16.42,12.23,.254,14.42,1659,16.95,1602,42.34,0
301,2016,173,1800,9.96,1800,14.52,1700,81.6,4.997,1750,1.107,.608,275.4,54.39,4.899,1750,1.062,.55,275.5,56.23,6.203,5.249,39.34,16.1,37.41,347.5,14.61,18.38,12.53,12.14,12.09,12.03,.189,13.13,0,0,935,30.55,0,-27.79,19.52,19.35,16.48,12.39,.253,10.39,1759,14.48,1700,74.7,0
303,2016,173,1800,9.96,1800,17.02,1500,81.6,5.154,1617,1.113,.347,311.3,67.18,5.585,1617,1.08,.363,314.3,65.99,19.25,15.82,130,59.07,121.3,343.6,17.25,19.72,15.25,14.86,14.72,14.62,.189,13.13,0,0,935
301,2016,173,1900,8.83,1827,10.14,1857,67.9,2.606,1832,1.339,1.266,265.1,18.87,2.508,1801,1.236,1.171,263.6,18.57,6.415,6.098,38.87,16.98,36.78,313.1,11.27,15.63,8.4,8.19,8.22,8.17,.19,13.09,0,0,935,30.54,0,-52.33,16.25,18.66,16.46,12.51,.251,9.19,1812,11.42,1840,58.87,0
301,2016,173,2000,8.87,1923,10.32,1932,73.1,2.41,1958,1.068,.921,264.2,30.03,2.273,1958,1.041,.926,263.8,26.91,1.673,1.916,4.628,.965,4.297,319.6,9.81,13.92,7.35,7.25,7.33,7.33,.197,13.03,0,0,935,30.54,0,-50.66,14.2,17.74,16.32,12.62,.249,9.81,1916,11.43,1933,62.44,0
301,2016,173,2100,8.78,2011,11.1,2058,61.27,2.939,2033,1.116,.967,269,29.66,2.959,2055,1.049,.908,267,29.73,.929,1.052,-1.716,-2.083,-1.966,314.8,8.97,-6999,6.941,7.22,7.47,7.24,.197,13,0,0,935,30.55,0,-49.01,12.85,16.83,16.07,12.71,.247,9.48,2013,11.77,2059,53.99,0
303,2016,173,2100,8.78,2011,11.1,2058,61.27,2.939,2033,1.173,1.049,266,26.33,2.959,2055,1.108,1.001,264.7,25.25,2.985,3.003,13.77,5.214,12.89,315.9,10.01,-6999,7.56,7.55,7.67,7.57,.197,13,0,0,935
301,2016,173,2200,8.92,2119,10.9,2158,62.48,3.175,2157,1.354,1.246,262,22.87,2.763,2157,1.282,1.163,262,24.71,.23,.448,-.837,-1.197,-1.049,332.9,8.89,-6999,7.28,7.71,7.85,7.59,.197,12.97,0,0,935,30.55,0,-42.68,12.13,16.01,15.73,12.76,.246,9.76,2116,11.64,2158,54.39,0
301,2016,173,2300,8.65,2258,10.6,2201,62.31,2.646,2202,1.104,1.017,254.9,22.73,2.234,2234,1.05,.967,255.8,22.7,.084,.279,-1.724,-2.046,-1.891,315.1,8.18,-6999,7.02,7.19,7.35,7.37,.199,12.96,0,0,935,30.54,0,-42.37,11.5,15.32,15.37,12.78,.244,9.76,2223,11.37,2234,54.26,0
301,2016,173,2400,8.25,2359,10.6,2317,64.23,3.469,2303,1.402,1.298,260.9,22.07,2.959,2303,1.361,1.257,260.6,22.36,.228,.179,-2.304,-2.844,-2.824,294.2,6.805,-6999,5.785,6.078,6.243,6.306,.195,12.94,0,0,935,30.53,0,-47.27,10.44,14.69,15,12.77,.243,9.22,2351,11.5,2308,54.52,0
303,2016,173,2400,8.25,2359,10.9,2158,64.23,3.469,2303,1.287,1.185,259.6,22.73,2.959,2303,1.231,1.128,259.7,23.42,.18,.302,-1.623,-2.03,-1.922,314.1,7.96,-6999,6.694,6.993,7.15,7.09,.195,12.94,0,0,935
324,2016,173,2400,7.98,515,23.06,1217,50.17,9.07,1418,1.416,.809,252.8,53.01,7.68,1417,1.331,.754,255.2,53.35,39.63,32.91,245.3,120.8,224.4,308.1,15.76,-6999,13.35,12.98,12.84,12.72,.195,12.94,0,0,935,0,13.67,16.78,17.71,16.36,14.82,12.33,.252,9.09,521,22.29,1217,44.25,14.04
301,2016,174,100,7.74,37,9.09,49,64.66,2.783,6,1.261,1.172,261.5,21.51,2.979,6,1.223,1.125,259.3,22.83,.365,.274,-2.775,-3.542,-3.3,278.9,5.504,9.53,4.234,4.511,4.691,4.784,.181,12.93,0,0,935,30.52,0,-49.34,9.26,14.04,14.64,12.74,.241,8.75,37,10.36,47,55.67,0
301,2016,174,200,7.34,147,8.72,157,65.07,2.861,156,.956,.881,260.7,22.64,1.92,154,.972,.894,257.2,22.98,.266,.156,-2.181,-2.93,-2.575,296.4,5.778,9.11,4.482,4.651,4.728,4.791,.203,12.92,0,0,935,30.51,0,-40.59,8.8,13.38,14.26,12.68,.24,8.42,140,10.1,157,54.06,0
301,2016,174,300,6.944,257,8.48,200,71.2,1.685,243,.749,.718,263.3,16.52,1.724,242,.812,.777,258.4,16.66,.305,.224,-2.451,-3.128,-2.766,293.9,5.385,8.67,3.899,4.073,4.187,4.263,.21,12.91,0,0,935,30.51,0,-38.89,8.39,12.81,13.88,12.61,.239,8.08,219,9.89,200,59.97,0
303,2016,174,300,6.944,257,9.09,49,71.2,2.861,156,.989,.923,261.7,20.78,2.979,6,1.002,.932,258.4,21.41,.312,.218,-2.469,-3.2,-2.88,289.7,5.556,9.1,4.205,4.412,4.536,4.612,.21,12.91,0,0,935
301,2016,174,400,6.911,350,8.46,312,67.36,3.155,337,1.192,1.13,261,18.4,2.606,337,1.161,1.093,258.8,19.65,.437,.27,-2.54,-3.275,-2.968,282.6,4.913,8.29,3.855,4.113,4.26,4.34,.208,12.91,0,0,935,30.51,0,-39.53,7.96,12.32,13.52,12.53,.237,7.75,351,9.5,313,60.44,0
301,2016,174,500,6.642,411,7.25,424,70.1,2.293,451,1.169,1.11,271.9,18.23,2.312,451,1.119,1.052,267,19.79,.545,.375,-1.07,-2.851,-1.469,274.5,4.226,7.66,3.238,3.565,3.732,3.809,.202,12.89,0,0,935,30.51,0,-40.66,7.3,11.85,13.17,12.43,.237,7.68,403,8.42,443,60.11,0
301,2016,174,600,6.714,500,11.25,558,61.02,2.293,540,.946,.839,266.9,27.18,2.116,535,.878,.767,262.1,28.75,16.31,14.87,70.4,36.09,66.05,272.2,5.378,7.4,4.806,5.512,5.892,5.843,.176,12.93,0,0,935,30.51,0,-26.08,7.09,11.38,12.83,12.31,.236,7.82,500,11.99,558,50.24,0
303,2016,174,600,6.642,411,11.25,558,61.02,3.155,337,1.102,1.023,266.5,21.7,2.606,337,1.053,.969,262.6,22.84,5.764,5.172,22.26,9.99,20.54,276.4,4.839,7.79,3.966,4.397,4.628,4.664,.176,12.93,0,0,935
301,2016,174,700,10.98,602,16.34,647,41.19,3.39,650,.826,.584,195.2,43.81,3.763,639,.769,.566,199,41.64,58.56,50.51,267.2,70.7,253,279.1,10.84,8.87,13.64,13.58,13.64,13.27,.18,12.96,0,0,935,30.52,0,29.08,9.57,11.11,12.5,12.19,.235,11.72,602,16.14,648,37.06,0
301,2016,174,800,15.69,702,18.22,759,39.36,3.233,711,1.027,.617,173.9,51.17,3.292,739,.911,.424,178.7,59.19,89.9,75.7,483.4,258.2,459.1,287,16.32,12,18.82,18.04,17.71,17.25,.198,13.03,0,0,935,30.53,0,73.3,14.33,11.44,12.21,12.07,.237,15.19,703,17.78,751,33.75,0
301,2016,174,900,16.2,824,19.45,848,32.57,3.331,856,1.064,.345,122.8,66.57,3.723,853,1.01,.24,100,70.7,85,70.8,519.2,261.6,491.2,303,19.8,14.97,20.13,19.32,18.88,18.49,.198,13.14,0,0,935,30.53,0,74.1,18.62,12.31,12.03,11.95,.239,15.96,821,18.98,850,28.51,0
303,2016,174,900,10.98,602,19.45,848,32.57,3.39,650,.972,.46,171.6,58.8,3.763,639,.897,.334,176.5,64.15,77.8,65.68,423.3,196.8,401.1,289.7,15.65,11.95,17.53,16.98,16.74,16.34,.198,13.14,0,0,935
301,2016,174,1000,17.89,915,20.34,931,27.91,4.586,946,1.226,.54,80.1,60.57,4.586,946,1.135,.481,60.73,61.48,110.8,92.8,703,357.9,661.8,323.6,25.22,18.35,22.42,21.44,20.92,20.72,.206,13.4,0,0,935,30.54,0,79.7,22.9,13.44,12,11.82,.241,17.62,909,19.97,925,25.16,0
301,2016,174,1100,17.98,1059,20.73,1038,31.39,4.84,1039,1.341,.204,261.6,74.6,4.468,1039,1.345,.182,274.8,75.3,87.5,73,574.9,286.1,539.6,334.7,25.64,20.22,22.43,21.44,20.94,20.71,.216,13.4,0,0,935,30.54,0,78.2,24.7,14.84,12.17,11.71,.244,17.81,1059,20.23,1038,27.97,0
312,2016,174,1130,122.8,131.3,55.07,353.8
312,2016,174,1132,35.52,37.2,11.88,352.7
312,2016,174,1134,33.23,34.77,10.59,353.5
312,2016,174,1136,31.32,32.7,9.91,354.4
312,2016,174,1138,29.37,30.77,9.05,355.5
312,2016,174,1140,27.89,29.15,8.36,356.3
312,2016,174,1142,27.02,28.2,8.21,356.8
312,2016,174,1144,26.73,28.29,8.17,356.9
312,2016,174,1146,27.17,28.13,8.31,355.6
312,2016,174,1148,26.54,27.09,7.56,355
312,2016,174,1150,25.4,25.08,6.499,355.4
312,2016,174,1152,24.33,23.39,5.711,355.4
312,2016,174,1154,23.72,23.03,5.255,353.5
312,2016,174,1156,23.67,23.19,5.255,352.4
312,2016,174,1158,23.69,23.86,5.255,351.4
301,2016,174,1200,13.19,1158,18.05,1100,51.99,3.841,1124,1.293,1.117,245.9,29.88,3.919,1124,1.22,1.031,244.8,31.84,7.32,5.582,61.19,22.93,57.91,352.8,16.19,18.45,15.46,15.18,15.1,15.12,.208,13.2,0,0,935,30.54,0,-11.03,20.7,15.97,12.56,11.63,.245,13.73,1155,17.95,1101,45.95,0
303,2016,174,1200,13.19,1158,20.73,1038,51.99,4.84,1039,1.287,.264,240.3,72.2,4.586,946,1.233,.24,254.9,72.7,68.55,57.15,446.3,222.3,419.8,337,22.35,19.01,20.11,19.36,18.98,18.85,.208,13.2,0,0,935
312,2016,174,1200,24.31,24.82,5.641,350.7
312,2016,174,1202,25.51,26.27,6.298,349.4
312,2016,174,1204,26.98,28.05,7.03,348.8
312,2016,174,1206,28.54,30.38,7.74,348.4
312,2016,174,1208,30.55,32.99,8.9,347.4
312,2016,174,1210,32.43,34.93,9.72,347.2
312,2016,174,1212,33.46,35.96,10.2,347.3
312,2016,174,1214,33.47,36.37,10.2,347.9
312,2016,174,1216,32.68,35.34,9.99,347.2
312,2016,174,1218,30.94,33.42,9.22,346.6
312,2016,174,1220,28.57,30.72,8.21,346.2
312,2016,174,1222,25.85,27.69,6.994,346.3
312,2016,174,1224,23.81,25.47,6.113,346.4
312,2016,174,1226,22.59,23.93,5.511,347
312,2016,174,1228,21.86,23.22,5.24,347.8
312,2016,174,1230,21.3,22.71,4.753,348.3
312,2016,174,1232,20.86,22.15,4.637,348.5
312,2016,174,1234,20,21.35,4.637,348.8
312,2016,174,1236,19.11,20.53,4.607,349
312,2016,174,1238,18.4,19.62,4.352,349.3
312,2016,174,1240,17.7,19.02,4.274,349.5
312,2016,174,1242,17.68,18.61,3.888,349.1
312,2016,174,1244,17.29,18.06,3.71,349.8
312,2016,174,1246,16.44,17.53,3.308,353.2
312,2016,174,1248,15.02,16.08,2.285,354.3
312,2016,174,1250,13.8,14.78,.827,353.9
312,2016,174,1252,13.02,14.19,-.015,353.5
312,2016,174,1254,12.5,13.33,-.711,354
312,2016,174,1256,11.3,11.76,-1.438,354.9
312,2016,174,1258,10.31,10.43,-2.335,358.2
301,2016,174,1300,11.67,1258,14.5,1214,59.12,6.878,1207,1.682,.367,346.2,71.6,6.8,1207,1.637,.48,344.2,68.08,2.581,1.57,23.16,4.833,21.73,349.9,12.68,-6999,11.87,11.96,11.96,12.09,.216,13.1,0,0,935,30.55,0,-23.77,16.68,16.05,13.02,11.6,.243,12,1259,14.74,1214,55.96,0
301,2016,174,1400,7.72,1356,11.87,1300,91.2,2.881,1312,1.017,.772,246.8,39.75,2.665,1312,.973,.731,246.7,40.38,3.188,2.854,24.48,4.49,23.65,348.8,10.62,-6999,8.33,8.01,7.91,7.83,.214,13.05,1,1,936,30.57,0,-26.72,14.23,15.5,13.31,11.6,.242,7.93,1356,12.21,1300,87.4,0
301,2016,174,1500,7.72,1401,9.25,1441,85.9,2.567,1422,1.006,.506,262.6,57.14,2.371,1422,.993,.453,265,59.72,10.42,9.03,76.6,29.96,71.1,341,11.19,-6999,8.79,8.45,8.35,8.23,.224,13.04,1,2,937,30.55,0,-18.29,13.37,14.87,13.4,11.63,.24,7.93,1406,9.55,1456,79.8,0
303,2016,174,1500,7.72,1356,14.5,1214,85.9,6.878,1207,1.235,.433,269.4,65.25,6.8,1207,1.2,.42,276,65.29,5.4,4.487,41.43,13.1,38.86,346.5,11.5,-6999,9.66,9.47,9.41,9.38,.224,13.04,2,2,937
301,2016,174,1600,8.28,1516,9.42,1559,75.6,2.9,1507,1.052,.532,275,56.95,2.92,1546,.99,.509,273.9,56.45,8.24,7.26,62.14,23.19,57.71,344.6,10.81,-6999,8.7,8.41,8.3,8.2,.228,13.07,0,2,937,30.55,0,-18.52,12.8,14.39,13.35,11.67,.239,8.41,1516,9.82,1559,70.2,0
301,2016,174,1700,9.39,1600,14.09,1654,59.52,2.744,1607,1.09,.581,240.2,55.38,2.665,1607,.983,.578,237.3,51.99,44.72,39.82,361.6,162.6,328.7,315.1,13.97,-6999,11.22,10.97,10.86,10.8,.212,13.18,0,2,937,30.52,0,12.13,14.17,14.04,13.25,11.69,.239,9.76,1600,14.12,1654,55.46,0
301,2016,174,1800,9.27,1800,13.65,1700,77.1,3.253,1746,1.359,1.246,254.7,23.36,3.057,1746,1.259,1.139,251.9,25.03,20.05,19.39,66.65,17.83,61.26,280.5,10.47,-6999,9.53,9.52,9.5,10.17,.217,13.09,0,2,937,30.5,0,-23.1,13.17,13.99,13.14,11.7,.238,9.94,1759,13.65,1700,71.5,0
303,2016,174,1800,8.28,1516,14.09,1654,77.1,3.253,1746,1.167,.769,255.7,47.3,3.057,1746,1.077,.724,253.1,46.41,24.34,22.16,163.5,67.87,149.2,313.4,11.75,-6999,9.82,9.63,9.55,9.72,.217,13.09,0,2,937
301,2016,174,1900,8.2,1824,10.56,1900,67.21,7.19,1857,1.308,1.205,270.9,22.74,7.58,1857,1.182,1.087,270,22.91,3.22,3.287,29.36,6.544,27.45,294.4,8.46,-6999,6.985,6.996,7.03,7.35,.216,13.01,0,2,937,30.5,0,-31.06,11.42,13.68,13.08,11.69,.237,9.01,1835,11.43,1859,59.82,0
301,2016,174,2000,7.1,1950,11.3,1901,74.5,3.077,1900,.986,.949,263.4,15.7,4.096,1900,.974,.931,259,16.97,1.17,1.946,5.338,.457,4.804,287.9,7.28,-6999,5.876,5.892,6.115,6.172,.224,12.96,0,2,937,30.5,0,-33.11,10.09,13.17,13.01,11.69,.237,7.88,1946,12.1,1904,64.73,0
301,2016,174,2100,7.37,2018,10.73,2048,65.7,3.625,2047,1.577,1.393,248.6,27.69,3.233,2055,1.458,1.287,245.6,27.73,.789,.952,-1.295,-2.031,-2.034,300.5,6.513,-6999,5.152,5.496,5.707,5.78,.224,12.94,0,2,937,30.51,0,-34.81,8.68,12.59,12.87,11.66,.236,8.21,2018,11.37,2048,58.89,0
303,2016,174,2100,7.1,1950,11.3,1901,65.7,7.19,1857,1.291,1.165,260.1,25.22,7.58,1857,1.205,1.084,257.4,25.62,1.726,2.061,11.13,1.657,10.07,294.3,7.42,-6999,6.004,6.128,6.284,6.434,.224,12.94,0,2,937
301,2016,174,2200,8.55,2113,11.44,2150,70.5,4.115,2144,1.656,1.533,241.7,22.05,3.88,2143,1.517,1.417,242,20.8,.3,.495,-1.422,-1.742,-1.873,312.4,7.21,8.96,6.564,7.1,7.24,7.3,.219,12.92,0,2,937,30.53,0,-25.42,8.6,12.02,12.65,11.63,.235,9.42,2112,12.04,2150,63.52,0
301,2016,174,2300,7.94,2228,9.99,2259,67.62,2.41,2214,1.149,1.083,244.8,19.33,2.352,2214,1.134,1.077,247.2,18.08,-.134,.18,-1.966,-2.134,-2.072,318,6.644,-6999,5.725,6.007,6.105,6.129,.242,12.91,0,2,937,30.52,0,-25.63,8.12,11.59,12.4,11.59,.233,8.75,2230,10.76,2202,61.57,0
301,2016,174,2400,8.62,2348,10.76,2306,72.8,3.527,2325,1.378,1.188,236.6,30.08,3.018,2305,1.282,1.127,234.6,28.18,.154,.224,-.744,-.901,-1.054,335.6,7.51,-6999,7.22,7.49,7.63,7.68,.224,12.89,0,2,937,30.53,0,-18.12,8.4,11.22,12.14,11.54,.233,9.56,2348,11.3,2306,63.32,0
303,2016,174,2400,7.94,2228,11.44,2150,72.8,4.115,2144,1.394,1.266,241,24.55,3.88,2143,1.311,1.202,241.2,23.3,.107,.3,-1.378,-1.592,-1.666,322,7.12,-6999,6.505,6.865,6.994,7.04,.224,12.89,0,2,937
324,2016,174,2400,6.642,411,20.73,1038,62.4,7.19,1857,1.179,.727,252.1,50.19,7.58,1857,1.122,.696,252.3,49.9,23.01,19.65,138,63.38,129.4,308.6,10.77,-6999,9.72,9.65,9.64,9.63,.224,12.89,2,2,937,0,11.06,-7.43,12.47,13.25,12.97,11.93,.238,7.68,403,20.23,1038,55.9,11.58
301,2016,175,100,8.28,56,10.23,37,73.2,3.077,13,1.458,1.385,232,18.19,2.371,11,1.367,1.3,230.1,17.92,.099,.144,-1.559,-1.741,-1.656,320.5,7.09,-6999,6.638,6.812,6.917,6.987,.234,12.89,0,0,937,30.53,0,-20.38,8.31,10.96,11.9,11.47,.232,9.02,59,11.23,34,67.08,0
301,2016,175,200,7.78,140,8.95,119,75.2,2.234,114,1.277,1.224,241.8,16.54,2.077,118,1.176,1.117,242.4,18.23,.009,.032,-1.694,-1.857,-1.672,324.2,6.682,-6999,5.93,6.08,6.164,6.197,.219,12.89,0,0,937,30.52,0,-21.26,7.89,10.72,11.68,11.39,.232,8.88,102,10.16,120,66.81,0
301,2016,175,300,7.57,239,8.41,201,78.1,2.018,202,1.099,1.057,248.7,15.75,1.862,201,1.078,1.042,249.9,14.82,.066,.035,-1.922,-2.148,-1.866,314.6,6.211,7.92,5.437,5.581,5.646,5.66,.231,12.87,0,0,937,30.52,0,-22.34,7.57,10.46,11.47,11.31,.232,8.21,223,9.42,200,70.3,0
303,2016,175,300,7.57,239,10.23,37,78.1,3.077,13,1.278,1.213,240.1,18.25,2.371,11,1.207,1.141,240,18.96,.058,.07,-1.725,-1.916,-1.731,319.7,6.661,-6999,6.002,6.158,6.242,6.282,.231,12.87,0,0,937
301,2016,175,400,7.51,303,8.98,347,76,3.41,345,1.21,1.126,244.4,21.3,2.939,345,1.163,1.098,246.4,19.19,.212,.109,-1.201,-1.505,-1.37,321.3,6.437,-6999,5.851,6.021,6.099,6.133,.223,12.87,0,0,937,30.51,0,-19.29,7.51,10.2,11.27,11.22,.232,8.35,301,9.76,347,68.42,0
301,2016,175,500,6.668,431,7.91,402,78.7,1.568,448,.67,.651,260.1,13.64,1.509,457,.742,.724,257.2,12.5,.174,.011,-.869,-1.861,-.859,312.7,5.78,7.5,4.899,4.991,5.036,5.035,.219,12.86,0,0,937,30.52,0,-21.2,7.17,9.98,11.07,11.13,.231,7.47,419,8.75,400,70.4,0
301,2016,175,600,7.31,508,8.96,545,78,2.587,543,.836,.793,264.6,18.53,2.41,544,.876,.83,261.1,18.71,6.485,5.69,40.37,17.25,37.59,293,6.113,7.44,5.506,5.689,5.823,5.807,.221,12.88,0,0,937,30.53,0,-16.06,7.16,9.76,10.89,11.03,.231,8.15,500,9.9,545,70.8,0
303,2016,175,600,6.668,431,8.98,347,78,3.41,345,.905,.846,254.6,20.8,2.939,345,.927,.878,253.9,18.61,2.29,1.937,12.76,4.63,11.79,309,6.11,-6999,5.419,5.567,5.653,5.658,.221,12.88,0,0,937
301,2016,175,700,7.72,607,16.3,659,49.19,3.547,641,.537,.048,13.93,77.3,2.979,641,.469,.092,340.5,72.6,53.04,45.81,253.7,62.87,239.8,280.4,9.89,-6999,11.53,11.33,11.28,10.97,.212,12.95,0,0,937,30.54,0,29.27,8.45,9.6,10.7,10.93,.231,8.42,607,15.87,659,45.93,0
301,2016,175,800,14.42,714,16.49,753,45.51,3.469,733,1.083,.426,71.6,63.08,3.606,755,.972,.421,52.43,60.98,83.3,70.8,463.9,243.3,440.5,288.6,15.09,11.55,18.12,17.23,16.83,16.37,.213,12.99,0,0,937,30.55,0,78.1,13.17,9.91,10.54,10.85,.233,13.98,714,15.98,754,43.23,0
301,2016,175,900,15.67,801,17.07,837,43.55,5.056,815,1.568,.536,98.4,65.73,4.958,811,1.421,.528,64.49,64.21,104.6,88.5,626.8,322,595.2,305.6,19.41,14.98,20.03,18.9,18.3,17.88,.219,13.16,0,0,937,30.56,0,84.8,18.8,10.89,10.45,10.75,.236,15.44,801,16.57,837,41.67,0
303,2016,175,900,7.72,607,17.07,837,43.55,5.056,815,1.063,.317,83.8,67.85,4.958,811,.954,.322,53.78,65.92,80.3,68.35,448.1,209.4,425.2,291.5,14.8,-6999,16.56,15.82,15.47,15.08,.219,13.16,0,0,937
301,2016,175,1000,16.49,900,19,958,36.96,6.173,958,1.651,.351,91.3,71.9,5.644,946,1.502,.369,41.4,70.4,148.2,125.1,929,480.4,884,309.7,25.68,17.96,21.35,20.29,19.77,19.74,.194,13.34,0,0,937,30.55,0,102.4,24.15,12.24,10.51,10.66,.239,15.96,900,18.36,958,34.08,0
301,2016,175,1100,18.26,1001,19.79,1057,34.04,5.409,1037,1.703,.306,25.06,73.4,5.154,1037,1.663,.607,3.906,64.54,168.4,142,1092,560.8,1037,320.2,31.01,20.9,23.94,22.5,21.6,21.07,.216,13.41,0,0,937,30.55,0,144.1,28.89,13.96,10.79,10.58,.243,17.69,1041,19.09,1057,31.12,0
312,2016,175,1130,66.1,69.05,27.56,355.6
312,2016,175,1132,1151,1213,620.1,311.4
312,2016,175,1134,1163,1226,626.9,313.4
312,2016,175,1136,1182,1244,635.7,316
312,2016,175,1138,1198,1261,644.3,320.1
312,2016,175,1140,1214,1279,654.2,323.9
312,2016,175,1142,1224,1287,660.6,329.7
312,2016,175,1144,1186,1254,644.7,333.4
312,2016,175,1146,1056,1110,570.5,335.6
312,2016,175,1148,1187,1248,644.1,338.9
312,2016,175,1150,1181,1244,643.1,339.8
312,2016,175,1152,1016,1077,555,341.4
312,2016,175,1154,848,901,461.3,344
312,2016,175,1156,292.7,318.4,162.3,349.6
312,2016,175,1158,235.3,254.7,127,350.6
301,2016,175,1200,16.04,1115,19.56,1140,47.55,8.52,1100,1.926,.378,27.37,72.6,8.09,1100,1.847,.626,20.74,65.86,133.6,112.7,876,444.3,827,328.4,30.18,23.7,24.25,22.49,21.52,20.96,.227,13.54,0,0,937,30.55,0,105.6,29.95,15.75,11.33,10.54,.246,15.53,1115,18.69,1140,45.41,0
303,2016,175,1200,16.04,1115,19.79,1057,47.55,8.52,1100,1.76,.297,47.26,73.8,8.09,1100,1.67,.518,19.05,67.29,150.1,126.6,966,495.2,916,319.4,28.95,20.85,23.18,21.76,20.96,20.59,.227,13.54,0,0,937
312,2016,175,1200,242.1,260.1,123.7,352.3
312,2016,175,1202,314.2,340.6,160.8,350.6
312,2016,175,1204,407.5,454.8,215.2,346.6
312,2016,175,1206,529.6,597.9,288.5,345.4
312,2016,175,1208,351.6,381.7,181.9,345.4
312,2016,175,1210,314.5,340.9,161.1,343.7
312,2016,175,1212,289.8,311.5,146.3,345.1
312,2016,175,1214,264.5,285,132.1,347.4
312,2016,175,1216,244.7,263.6,122,349.4
312,2016,175,1218,221,236.9,109.8,349.9
312,2016,175,1220,181.8,194.8,89.8,348.3
312,2016,175,1222,163.9,176.2,78.9,347.9
312,2016,175,1224,171.9,187.3,83.6,348.6
312,2016,175,1226,167.2,185.6,83.8,352.7
312,2016,175,1228,143.6,184.8,85.2,350.7
312,2016,175,1230,113.5,120.6,50.83,350.9
312,2016,175,1232,103.6,109.1,43.21,353.2
312,2016,175,1234,100,105.8,41.42,352.8
312,2016,175,1236,101,108,42.64,352.2
312,2016,175,1238,105.7,112,44.25,354.7
312,2016,175,1240,118.5,125.4,50.02,356.5
312,2016,175,1242,143.6,151.8,61.59,350.7
312,2016,175,1244,204.5,214.6,89.9,349.9
312,2016,175,1246,508.2,543.3,253.8,337.9
312,2016,175,1248,818,881,429.2,328.2
312,2016,175,1250,1281,1359,683.2,323.5
312,2016,175,1252,1259,1331,678,321.6
312,2016,175,1254,815,868,444.8,323
312,2016,175,1256,838,900,453.8,320.5
312,2016,175,1258,1163,1234,631.9,322.7
301,2016,175,1300,12.19,1246,16.84,1200,57.05,7.54,1211,1.726,.8,84.5,59.32,7.25,1211,1.462,.557,83.1,63.74,62.81,53.75,449.6,218.2,418.2,343.2,20.66,21.97,15.66,14.76,14.58,14.21,.219,13.77,2,2,939,30.55,0,4.381,25.85,17.21,12.09,10.54,.247,12.25,1246,16.34,1200,54.13,0
301,2016,175,1400,13.31,1359,15.95,1314,70.8,3.39,1315,1.19,.675,93.1,53.28,3.547,1320,1.053,.522,91.4,57.52,52.11,45.12,363.3,180.1,339.8,338.5,20.2,-6999,15.62,16.15,14.65,14.95,.228,13.38,0,2,939,30.53,0,11,24.29,17.62,12.9,10.6,.245,13.61,1359,15.82,1330,64.55,0
301,2016,175,1500,13.01,1402,17.57,1453,37.98,5.644,1422,2.139,.713,217.9,66.14,6.369,1442,1.92,.442,229.4,71.1,72.2,61.85,483.9,240.1,454.3,331.5,18.6,-6999,16.47,16.44,16.1,15.98,.22,13.56,0,2,939,30.54,0,3.658,20.44,17.63,13.53,10.71,.244,13.28,1402,17.1,1456,34.29,0
303,2016,175,1500,12.19,1246,17.57,1453,37.98,7.54,1211,1.684,.387,116.6,71.1,7.25,1211,1.477,.259,107.3,73.5,62.36,53.56,432.1,212.7,404,337.7,19.82,-6999,15.92,15.78,15.11,15.05,.22,13.56,2,2,939
301,2016,175,1600,16.43,1500,18.74,1559,33.11,5.291,1520,1.758,.59,112.8,66.02,5.33,1556,1.585,.427,74.2,69.24,114.6,99.7,762,396.5,724,296,23.41,-6999,20.89,20.16,19.49,19.06,.223,13.58,0,2,939,30.52,0,19.13,23.28,17.43,13.97,10.85,.243,16.17,1501,18.23,1559,30.73,0
301,2016,175,1700,13.03,1655,18.94,1605,59.9,6.878,1628,1.798,.73,83.2,62.42,6.173,1628,1.6,.594,75.2,64.22,61.06,53.66,427.8,217.2,405.1,296.1,19.76,21.99,16.85,16.3,15.96,15.72,.23,13.43,0,2,939,30.52,0,-19.39,21.52,17.71,14.31,11.01,.242,12.93,1651,18.43,1604,56.95,0
301,2016,175,1800,12.51,1758,14.08,1736,67.57,3.057,1701,.819,.261,49.08,66.84,3.175,1709,.766,.181,50.38,70.8,19.49,16.71,78.1,25.63,75.2,291.9,13.89,-6999,12.69,12.76,12.78,12.7,.231,13.29,0,2,939,30.51,0,-33.39,17.61,17.28,14.67,11.15,.241,12.94,1757,14.35,1739,62.07,0
303,2016,175,1800,12.51,1758,18.94,1605,67.57,6.878,1628,1.459,.489,88.9,66.03,6.173,1628,1.317,.396,71.2,67.73,65.1,56.72,423.1,213.3,401.9,294.7,19.03,-6999,16.82,16.41,16.08,15.83,.231,13.29,0,2,939
301,2016,175,1900,9.23,1859,12.61,1800,77.5,1.803,1836,.813,.777,275.7,16.92,1.901,1836,.794,.759,272.4,17.14,3.645,2.591,32.56,6.82,30.84,283.7,10.84,15.25,8.93,8.88,8.88,8.82,.244,13.19,0,2,939,30.5,0,-37.8,15.25,16.49,14.84,11.29,.239,10.21,1900,13.15,1800,70.2,0
301,2016,175,2000,8.13,1944,9.4,1901,74.3,1.45,1912,.778,.748,278.7,15.75,1.529,1925,.775,.749,269.2,14.62,.883,.519,1.728,-3.013,1.487,276.9,8.32,-6999,6.001,5.947,5.919,5.886,.238,13.13,0,2,939,30.5,0,-43.6,12.71,15.67,14.81,11.42,.238,9.27,1944,10.34,1901,65.99,0
301,2016,175,2100,7.91,2053,8.85,2012,71,1.783,2007,.921,.883,275.3,16.44,1.431,2020,.864,.818,268.9,18.71,.671,.479,-3.257,-3.953,-3.525,276.3,7.04,-6999,4.983,5.146,5.252,5.284,.235,13.07,0,2,939,30.5,0,-42.01,10.91,14.79,14.62,11.53,.236,8.68,2048,9.75,2025,64.53,0
303,2016,175,2100,7.91,2053,12.61,1800,71,1.803,1836,.837,.803,276.5,16.45,1.901,1836,.811,.775,270.1,17.05,1.733,1.196,10.34,-.049,9.6,278.9,8.74,-6999,6.638,6.658,6.683,6.663,.235,13.07,0,2,939
301,2016,175,2200,7.67,2112,8.28,2150,64.57,2.097,2157,1.026,.992,261.8,14.78,2.018,2134,1.073,1.047,257.3,12.56,.452,.311,-2.596,-3.254,-2.958,283.6,6.326,-6999,4.281,4.344,4.388,4.405,.242,13.05,0,2,939,30.51,0,-39.11,9.71,13.94,14.32,11.61,.234,8.75,2100,9.36,2150,56.54,0
301,2016,175,2300,7.78,2202,11.47,2254,66.78,3.175,2252,1.26,1.175,251.4,21,3.037,2252,1.228,1.126,249,23.42,.789,.565,-.879,-1.569,-1.615,318.1,7.32,-6999,5.967,6.156,6.281,6.373,.238,13.02,0,2,939,30.51,0,-28.87,9.25,13.19,13.96,11.65,.233,9.22,2200,12.11,2254,59.9,0
301,2016,175,2400,8.65,2359,10.9,2302,71.6,3.743,2332,1.245,1.137,255,23.91,3.096,2332,1.171,1.063,254.2,24.63,-.113,-.209,-1.968,-2.19,-1.954,324,7.92,-6999,7.39,7.65,7.79,7.86,.236,13,0,2,939,30.51,0,-22.23,9.47,12.63,13.57,11.67,.232,9.29,2358,11.77,2303,65.54,0
303,2016,175,2400,7.67,2112,11.47,2254,71.6,3.743,2332,1.177,1.098,255.7,20.96,3.096,2332,1.158,1.077,253.4,21.41,.376,.222,-1.814,-2.338,-2.176,308.6,7.19,-6999,5.879,6.049,6.153,6.213,.236,13,0,2,939
324,2016,175,2400,6.668,431,19.79,1057,60.83,8.52,1100,1.27,.318,248.3,70.1,8.09,1100,1.19,.327,261.5,68.97,45.28,38.58,286,141.3,270.5,307.4,13.91,-6999,12.05,11.77,11.54,11.42,.236,13,2,2,939,0,12.26,8.16,15.39,13.58,12.51,11.08,.237,7.47,419,19.09,1057,55.27,12.59
301,2016,176,100,8.04,22,10.09,56,66.78,2.998,44,1.185,1.043,247.1,28.02,3.037,44,1.144,1.008,248,27.89,.187,.074,-2.193,-2.525,-2.195,324.8,7.53,-6999,6.442,6.595,6.697,6.722,.228,12.97,0,0,939,30.5,0,-22.36,9.23,12.23,13.21,11.66,.232,8.75,23,10.83,56,56.81,0
301,2016,176,200,7.17,149,9.76,100,73.5,2.802,105,1.466,1.422,258.6,13.98,2.156,105,1.338,1.299,260.3,13.75,-.138,-.223,-3.394,-3.623,-3.252,287.6,5.902,-6999,4.849,5.218,5.271,5.332,.253,12.95,0,0,939,30.49,0,-28.7,8.54,11.88,12.88,11.62,.231,8.08,200,10.63,100,65.54,0
301,2016,176,300,6.708,252,7.35,300,71.8,3.018,259,1.466,1.403,241.3,16.78,2.254,259,1.347,1.306,245,14.12,.205,.11,-3.348,-3.728,-3.284,275,4.729,-6999,3.356,3.518,3.587,3.58,.264,12.93,0,0,939,30.48,0,-32.42,7.46,11.46,12.58,11.56,.23,7.61,254,8.55,244,64.2,0
303,2016,176,300,6.708,252,10.09,56,71.8,3.018,259,1.372,1.278,249.2,21.18,3.037,44,1.276,1.196,251.3,20.3,.085,-.013,-2.978,-3.292,-2.91,295.8,6.053,-6999,4.882,5.11,5.185,5.211,.264,12.93,0,0,939
301,2016,176,400,6.14,359,8.59,302,80.7,3.371,301,1.396,1.346,242.1,15.25,3.135,301,1.35,1.308,246.7,14.26,.239,.111,-3.664,-4.021,-3.506,267.3,4.082,-6999,2.827,3.003,3.081,3.085,.246,12.93,0,0,939,30.48,0,-32.52,6.625,10.97,12.28,11.5,.229,6.944,342,9.56,306,73.4,0
301,2016,176,500,5.911,439,6.784,429,80.7,2.332,426,1.459,1.418,232.4,13.64,2.332,409,1.346,1.31,236.6,13.23,.621,.456,-1.412,-3.09,-1.53,266.3,3.757,-6999,2.525,2.666,2.733,2.739,.236,12.9,0,0,939,30.48,0,-31.13,6.005,10.48,11.97,11.43,.229,6.815,408,7.69,429,74.7,0
301,2016,176,600,6.045,511,10.11,559,69.96,2.136,506,1.111,1.014,217.7,23.9,2.018,506,1.013,.943,225.3,21.42,14.19,12.74,69.62,35.94,65.09,287.8,5.543,-6999,4.477,4.637,4.801,4.758,.247,12.93,0,0,939,30.49,0,-15.25,6.136,10.02,11.66,11.34,.228,6.952,503,10.58,558,63.81,0
303,2016,176,600,5.911,439,10.11,559,69.96,3.371,301,1.322,1.242,232,19.92,3.135,301,1.236,1.174,237.3,18.19,5.017,4.437,21.51,9.61,20.02,273.8,4.461,-6999,3.276,3.435,3.538,3.527,.247,12.93,0,0,939
301,2016,176,700,9.1,611,14.46,659,53.62,2.665,647,1.176,.921,167.2,37.73,2.783,638,.946,.718,176.9,39.75,48.36,41.92,229,77.2,215.9,294.9,9.97,-6999,10.86,11.02,11.08,10.82,.24,13,0,0,939,30.5,0,25.01,8.41,9.79,11.35,11.25,.228,9.64,613,13.92,659,52.44,0
301,2016,176,800,13.99,710,16.52,756,46.38,4.213,723,1.456,.845,149,52.45,4.409,757,1.149,.496,156.7,61.05,97,83.3,494.9,261.3,470.7,285,15.36,-6999,17.76,16.7,16.25,15.83,.239,13.04,0,0,939,30.5,0,72.6,13.31,10.13,11.1,11.15,.229,13.65,709,15.85,756,44.77,0
301,2016,176,900,15.67,809,17.91,859,36.53,4.252,819,1.449,.258,98.1,73.4,3.351,816,1.321,.269,23.03,72.3,130.1,111.2,736,382.9,701,291.1,21.06,15.18,21.3,19.64,18.92,18.45,.23,13.16,0,0,939,30.51,0,97.4,18.83,11.07,10.95,11.05,.232,15.17,817,17.23,859,34.96,0
303,2016,176,900,9.1,611,17.91,859,36.53,4.252,819,1.36,.628,151.7,59.42,4.409,757,1.139,.329,159.8,68.32,91.8,78.8,486.7,240.5,462.6,290.3,15.47,-6999,16.64,15.79,15.42,15.04,.23,13.16,0,0,939
301,2016,176,1000,15.88,1000,18.3,912,36.96,5.546,959,2.023,1.225,231.3,50.89,5.056,959,1.902,1.139,222.4,51.3,123.4,105.2,751,383.7,712,312.6,24.3,19.03,21.92,20.4,19.89,19.91,.242,13.3,0,0,939,30.51,0,85.8,24.2,12.49,10.97,10.95,.236,15.54,959,17.63,916,32.53,0
301,2016,176,1100,15.14,1054,17.56,1009,37.5,6.976,1048,2.934,2.541,238.1,29.66,6.349,1048,2.63,2.252,232.1,30.72,115.3,98,722,362.4,679.9,321.2,24.21,-6999,20.36,19.28,18.82,18.55,.239,13.51,0,0,939,30.51,0,72.5,24.57,14.01,11.2,10.86,.238,14.87,1053,16.82,1011,33.54,0
312,2016,176,1130,1093,1166,600.4,328.4
312,2016,176,1132,165.4,176.2,79.8,353.5
312,2016,176,1134,178.2,191,86.1,353.2
312,2016,176,1136,192.1,206.9,93.6,352.9
312,2016,176,1138,190.4,202.8,92.1,353.3
312,2016,176,1140,179.2,190.6,87.2,352.2
312,2016,176,1142,176.6,188,86,351.2
312,2016,176,1144,201.1,214.9,98.3,351
312,2016,176,1146,262.5,282.5,130.7,350.4
312,2016,176,1148,366.5,398.5,187.3,348.7
312,2016,176,1150,399.9,428.3,203.9,347.8
312,2016,176,1152,392.5,421,201.9,348.9
312,2016,176,1154,370.1,401.8,193.6,349.7
312,2016,176,1156,337.5,360.5,172.6,350.8
312,2016,176,1158,330.9,359.7,170.7,350.6
301,2016,176,1200,14.97,1123,16.28,1101,37.1,5.722,1106,1.749,1.189,226.9,45.84,5.271,1102,1.598,1.038,219.6,47.93,50.29,42.57,324.6,154.4,302.5,349.4,19.77,-6999,18.11,17.32,17.02,16.82,.243,13.42,0,0,939,30.5,0,24.21,22.47,15.13,11.62,10.81,.239,14.8,1119,16.22,1158,35.29,0
303,2016,176,1200,14.97,1123,18.3,912,37.1,6.976,1048,2.236,1.646,233.7,41.6,6.349,1048,2.043,1.469,226.7,42.93,96.3,81.9,599.2,300.1,564.9,327.7,22.76,-6999,20.13,19,18.58,18.43,.243,13.42,0,0,939
312,2016,176,1200,349.5,377.2,179.3,351.2
312,2016,176,1202,306.1,327.8,155.3,351.9
312,2016,176,1204,271.3,290.2,136.8,352.8
312,2016,176,1206,238.4,255,119.2,353.1
312,2016,176,1208,218.2,232.4,107.5,353.3
312,2016,176,1210,184,194.5,88.8,353.8
312,2016,176,1212,154.3,163.4,73.6,353.4
312,2016,176,1214,136.8,144.5,64.99,352.7
312,2016,176,1216,125.1,132.1,58.77,352.3
312,2016,176,1218,119.3,125.9,55.34,352.1
312,2016,176,1220,116.3,123.3,53.27,351.7
312,2016,176,1222,119.4,127.6,54.57,351.5
312,2016,176,1224,128.7,138.2,59.11,351.2
312,2016,176,1226,144.7,155.1,66.8,350.8
312,2016,176,1228,156.9,167,72.7,350.5
312,2016,176,1230,153.2,162.4,70.8,350.6
312,2016,176,1232,139.9,148.9,64.51,350.7
312,2016,176,1234,132.1,140.7,60.61,350.5
312,2016,176,1236,128.3,136.8,58.63,350.4
312,2016,176,1238,122.6,131.1,56.03,350.6
312,2016,176,1240,117.3,125.2,53.2,350.3
312,2016,176,1242,114.5,122.9,52.14,350.4
312,2016,176,1244,115.6,124.4,52.24,350.1
312,2016,176,1246,103.8,110.6,45.89,350
312,2016,176,1248,84.6,90.1,37.15,350.2
312,2016,176,1250,76.4,82.1,33.47,350.2
312,2016,176,1252,87.6,95.3,39.32,350.3
312,2016,176,1254,127.2,140.4,59.99,350
312,2016,176,1256,218.3,235.8,104.5,350.4
312,2016,176,1258,310.5,333.2,151.6,350.8
301,2016,176,1300,14.08,1253,16.19,1202,43.55,4.586,1233,1.453,1.155,92.9,36.68,4.174,1229,1.133,.817,94.4,42.78,26.18,21.93,170.5,75.7,159.5,351.2,16.4,18.16,15.45,15.11,14.95,14.87,.249,13.36,0,0,939,30.5,0,5.602,19.92,15.65,12.12,10.8,.239,14.14,1242,16.15,1203,40.06,0
301,2016,176,1400,13.18,1336,15.23,1359,51.23,3.88,1323,1.013,.526,110.1,56.17,3.175,1305,.846,.318,122.8,63.96,31.27,26.29,200.4,90.5,186,348.7,15.39,16.59,13.81,13.51,13.23,13.31,.247,13.56,0,0,939,30.5,0,5.526,17.96,15.64,12.54,10.83,.237,13.35,1336,15.02,1359,45.56,0
301,2016,176,1500,14.12,1453,15.59,1414,43.01,5.448,1415,1.864,1.406,230.5,40.18,5.232,1420,1.728,1.31,223.2,39.83,78.5,67.32,495.6,245.7,463.2,339.1,20.11,18.93,18.64,17.66,17.22,16.92,.247,13.48,0,0,939,30.49,0,33.79,20.59,15.54,12.83,10.9,.236,13.95,1427,15.09,1412,39.72,0
303,2016,176,1500,13.18,1336,16.19,1202,43.01,5.448,1415,1.443,.422,153.6,68.14,5.232,1420,1.236,.402,171.1,66.55,45.31,38.51,288.8,137.3,269.5,346.3,17.3,17.89,15.97,15.43,15.13,15.03,.247,13.48,0,0,939
301,2016,176,1600,14.25,1518,15.86,1538,49.86,4.252,1539,1.454,1.104,88.2,39.75,4.292,1539,1.287,.888,85.7,45.13,63.79,54.85,404.1,198.2,377.7,335.6,19.56,19.39,17.88,17.02,16.54,16.27,.256,13.45,0,0,939,30.48,0,28.56,20.89,15.86,13.05,10.98,.236,14.02,1530,15.43,1537,43.35,0
301,2016,176,1700,13.11,1624,15.76,1639,47.81,4.135,1624,1.044,.204,197,72.7,4.213,1626,.909,.21,210.6,71,40.05,34.5,273.9,131.7,257.7,333.4,17.04,18.49,15.37,14.88,14.67,14.55,.258,13.38,0,0,939,30.47,0,6.64,19.66,16.13,13.3,11.06,.236,13.01,1625,15.76,1638,42.54,0
301,2016,176,1800,11.67,1759,14.79,1700,56.9,2.587,1748,.687,.466,256.4,45.97,2.41,1748,.698,.449,254.9,48.4,17.86,15.21,85,32.51,80.1,289.4,12.99,16.82,12.46,12.29,12.29,12.17,.251,13.25,0,0,939,30.45,0,-10.64,17.36,16.04,13.55,11.14,.235,12.27,1800,14.96,1700,50.66,0
303,2016,176,1800,11.67,1759,15.86,1538,56.9,4.252,1539,1.062,.217,114.5,72.3,4.292,1539,.965,.138,123.9,75,40.57,34.85,254.3,120.8,238.5,319.5,16.53,18.23,15.23,14.73,14.5,14.33,.251,13.25,0,0,939
301,2016,176,1900,9.44,1859,12.37,1807,69.37,4.331,1804,1.245,1.129,252.6,24.77,3.135,1804,1.101,.977,250.7,27.18,3.326,2.523,28.5,6.52,27.13,280.7,9.55,-6999,8.42,8.39,8.44,8.4,.252,13.16,0,0,939,30.45,0,-25.81,14.47,15.6,13.71,11.22,.234,10.27,1859,12.94,1807,61.75,0
301,2016,176,2000,8.17,1959,9.54,1901,72,2.704,1929,1.368,1.31,254.2,16.61,2.254,1929,1.243,1.193,251.6,16.19,1.121,.83,3.505,-1.177,3.272,276.4,7.33,-6999,5.706,5.714,5.754,5.688,.255,13.1,0,0,939,30.45,0,-31.66,12.18,14.89,13.74,11.31,.232,9.01,1959,10.41,1906,65.39,0
301,2016,176,2100,6.835,2050,8.4,2001,76.3,2.175,2016,1.056,.985,253.5,20.97,1.96,2013,1.009,.944,254.5,20.54,.177,.076,-4.095,-4.456,-3.928,266,5.627,-6999,3.721,3.749,3.819,3.782,.251,13.07,0,0,939,30.46,0,-34.56,10.39,14.09,13.63,11.38,.231,7.88,2050,9.48,2002,68.69,0
303,2016,176,2100,6.835,2050,12.37,1807,76.3,4.331,1804,1.223,1.141,253.5,20.93,3.135,1804,1.118,1.038,252.2,21.65,1.541,1.143,9.3,.296,8.83,274.4,7.5,-6999,5.947,5.95,6.005,5.956,.251,13.07,0,0,939
301,2016,176,2200,6.533,2113,7.15,2152,74.4,2.136,2148,1.092,1.056,271.3,14.7,1.862,2148,1.026,.987,268.2,15.77,.481,.264,-3.413,-4.066,-3.735,264.3,4.757,-6999,2.948,3.061,3.189,3.204,.258,13.02,0,0,939,30.47,0,-34.01,9.01,13.29,13.4,11.42,.229,7.47,2109,8.29,2153,67.09,0
301,2016,176,2300,6.279,2245,7.35,2222,71,2.273,2210,1.194,1.164,267.8,12.87,2.097,2214,1.093,1.056,267.6,14.87,.371,.218,-3.005,-3.637,-3.371,271.4,4.572,-6999,3.113,3.371,3.524,3.513,.218,12.99,0,0,939,30.46,0,-30.57,8.21,12.55,13.11,11.45,.228,7.29,2247,8.29,2223,62.67,0
301,2016,176,2400,6.112,2308,7.12,2357,70.9,2.175,2308,1.173,1.146,265.8,12.13,2.136,2308,1.139,1.111,264,12.89,.347,.289,-2.114,-2.732,-2.552,287.5,4.673,-6999,3.373,3.571,3.702,3.709,.233,12.98,0,0,939,30.46,0,-27.47,7.66,11.91,12.78,11.46,.226,7.22,2306,8.03,2333,64.55,0
303,2016,176,2400,6.112,2308,7.35,2222,70.9,2.273,2210,1.153,1.121,268.2,13.42,2.136,2308,1.086,1.051,266.5,14.62,.4,.257,-2.844,-3.479,-3.219,274.4,4.667,-6999,3.144,3.334,3.472,3.476,.233,12.98,0,0,939
324,2016,176,2400,5.911,439,18.3,912,59.32,6.976,1048,1.396,.771,234.6,54.19,6.349,1048,1.262,.735,237.2,52.37,35.13,29.99,206.8,100.2,194.8,300.3,11.84,-6999,10.65,10.35,10.23,10.12,.233,12.98,0,0,939,0,11.29,4.19,13.92,13.2,12.48,11.21,.232,6.815,408,17.63,916,53.85,11.63
301,2016,177,100,6.516,53,7.46,21,70.9,2.548,12,1.055,.993,258,19.52,2.293,12,1.019,.945,255,21.78,.22,.132,-1.6,-2.044,-1.917,305.4,5.35,-6999,4.262,4.301,4.369,4.371,.253,12.95,0,0,939,30.45,0,-21.58,7.69,11.38,12.45,11.43,.225,7.49,3,8.77,22,63.68,0
301,2016,177,200,6.244,155,7.39,124,71.3,2.567,124,.946,.895,247.7,18.72,2.058,124,.92,.87,247.4,18.86,.114,-.012,-1.923,-2.205,-2.029,303.6,5.195,-6999,4.081,4.08,4.116,4.092,.253,12.93,0,0,939,30.44,0,-20.79,7.55,10.98,12.12,11.39,.225,7.15,115,8.5,126,63.34,0
301,2016,177,300,6.111,235,7.99,248,72.9,2.92,241,1.072,.98,244.6,23.78,2.606,241,.983,.887,244.1,25.38,.282,.172,-2.123,-2.528,-2.298,293.2,4.735,-6999,3.707,3.787,3.877,3.887,.265,12.91,0,0,939,30.44,0,-21.97,7.24,10.63,11.82,11.33,.224,7.02,237,9.03,249,65.22,0
303,2016,177,300,6.111,235,7.99,248,72.9,2.92,241,1.024,.951,250.2,21.62,2.606,241,.974,.898,249,22.67,.206,.098,-1.882,-2.259,-2.081,300.7,5.093,-6999,4.017,4.056,4.121,4.117,.265,12.91,0,0,939
301,2016,177,400,6.01,302,6.682,305,70.7,2.371,303,1.221,1.182,244.5,14.39,2.116,304,1.178,1.146,247,13.41,.158,.055,-2.794,-3.095,-2.725,283,3.955,-6999,2.808,2.904,2.983,2.969,.269,12.9,0,0,939,30.44,0,-24.11,6.686,10.3,11.55,11.26,.224,6.816,302,7.76,305,65.09,0
301,2016,177,500,5.642,433,6.649,403,73.7,1.509,411,.913,.881,248.6,15.12,1.607,433,.902,.874,247.7,14.21,.46,.231,-1.388,-2.889,-1.485,271.6,3.121,-6999,1.816,1.943,2.061,2.057,.254,12.88,0,0,939,30.45,0,-26.06,6.048,9.93,11.29,11.17,.223,6.482,438,7.22,404,67.44,0
301,2016,177,600,5.81,502,8.13,548,70.1,2.175,507,1.078,1.046,267.2,13.98,1.724,513,.956,.924,266.5,14.64,11.1,9.88,50.75,23.33,47.03,267.9,4.128,6.389,3.22,3.629,3.973,3.993,.247,12.91,0,0,939,30.46,0,-17.74,5.86,9.55,11.03,11.09,.222,6.549,500,8.97,544,63.48,0
303,2016,177,600,5.642,433,8.13,548,70.1,2.371,303,1.071,1.021,253.3,17.49,2.116,304,1.012,.969,253.3,16.56,3.905,3.389,15.52,5.781,14.27,274.2,3.735,-6999,2.615,2.825,3.005,3.006,.247,12.91,0,0,939
301,2016,177,700,7.93,600,14.9,646,47.95,2.92,627,.69,.477,162.3,45.08,2.548,700,.534,.34,173.7,48.88,64.02,55.97,262.4,61.92,248.5,266.2,9.3,7.38,11.31,11.52,11.58,11.25,.262,12.95,0,0,939,30.47,0,29.92,7.14,9.3,10.77,10.99,.222,8.56,600,14.54,646,46,0
301,2016,177,800,14.29,700,17.15,757,28.43,3.958,745,1.435,1.028,190.7,43.16,4.096,748,1.271,.943,188.6,41.16,101.3,87.2,502.5,268.4,477,273.9,15.27,11.02,19.07,17.81,17.34,16.88,.253,12.99,0,0,939,30.48,0,79.7,11.99,9.62,10.54,10.89,.223,13.79,700,16.32,742,26.24,0
301,2016,177,900,16.43,814,17.13,859,27.91,4.762,850,2.33,2.091,238.3,25.93,4.507,840,2.097,1.819,232.7,29.48,128.5,110.5,710,372.8,676.2,276.2,20.41,-6999,21.78,20.13,19.61,19.2,.244,13.1,0,0,939,30.48,0,84.7,17.69,10.55,10.39,10.79,.227,15.7,814,16.37,834,25.7,0
303,2016,177,900,7.93,600,17.15,757,27.91,4.762,850,1.484,1.048,215.4,43.92,4.507,840,1.3,.944,213.1,42.39,97.9,84.5,491.4,234.2,467,272.1,14.99,-6999,17.38,16.48,16.17,15.77,.244,13.1,0,0,939
301,2016,177,1000,16.76,906,17.99,932,26.73,5.056,953,2.071,1.763,230.7,31.26,4.213,927,1.953,1.617,223.8,33.6,150.6,129.2,895,469,855,281.8,26.1,-6999,21.64,19.99,19.61,19.92,.243,13.25,0,0,939,30.49,0,91.4,24.18,11.87,10.39,10.69,.231,16.16,906,17.15,932,22.54,0
301,2016,177,1100,16.78,1045,19.2,1016,20.16,5.546,1039,2.237,1.914,232.7,30.77,6.173,1018,2.098,1.771,228.9,31.99,162.4,139.1,1006,522.7,955,306.2,30.31,20.5,23.4,21.88,21.24,20.89,.244,13.56,0,0,939,30.49,0,128.5,28.3,13.58,10.58,10.6,.234,16.15,1045,18.29,1015,17.64,0
312,2016,177,1130,339.2,367.2,168.6,350.4
312,2016,177,1132,561.9,605,295.9,341.5
312,2016,177,1134,534.8,577.5,284.1,341.9
312,2016,177,1136,475,515.7,253,341.6
312,2016,177,1138,471.6,509.6,249.5,340.4
312,2016,177,1140,466.1,504.4,247.4,339.1
312,2016,177,1142,455.6,493.3,241.1,338.1
312,2016,177,1144,446.4,482.5,234.6,336.6
312,2016,177,1146,439.1,472.6,230,334.1
312,2016,177,1148,425,457.6,221.2,331.3
312,2016,177,1150,423.5,462.4,222.7,329.6
312,2016,177,1152,535.2,592.5,289.7,329.1
312,2016,177,1154,749,819,401.8,332
312,2016,177,1156,522.5,579.8,285.2,332.1
312,2016,177,1158,758,830,415.2,335
301,2016,177,1200,16.45,1124,18.56,1100,26.63,8.49,1123,2.381,1.65,229.3,44.88,8.68,1123,2.197,1.531,223.5,44.58,89.8,77,558.4,275.8,516.9,334.6,24.31,-6999,21.17,19.83,19.31,19.03,.249,13.75,0,0,939,30.49,0,60.12,27,15.41,11.01,10.54,.237,16.14,1125,17.82,1100,24.22,0
303,2016,177,1200,16.45,1124,19.2,1016,26.63,8.49,1123,2.23,1.775,231,36.57,8.68,1123,2.083,1.638,225.5,37.42,134.3,115.1,820,422.5,775,307.5,26.91,-6999,22.07,20.57,20.05,19.95,.249,13.75,0,0,939
312,2016,177,1200,832,913,461.7,337.4
312,2016,177,1202,804,889,455.8,337.3
312,2016,177,1204,570.3,635.6,317.9,334
312,2016,177,1206,614.8,687,342.6,333.6
312,2016,177,1208,495.1,547,272.4,332.1
312,2016,177,1210,545.2,696,349.5,331.7
312,2016,177,1212,623.6,1231,635.2,334.1
312,2016,177,1214,536.7,1077,554.9,334.7
312,2016,177,1216,520,732,369.6,330
312,2016,177,1218,518.5,657.8,335,327.5
312,2016,177,1220,538.1,1448,749,328.7
312,2016,177,1222,486.5,940,471.6,326.4
312,2016,177,1224,431.6,917,463,321.8
312,2016,177,1226,397.1,1318,680.2,325.1
312,2016,177,1228,306.3,369.1,187.4,323.4
312,2016,177,1230,262.1,287.3,142.1,322
312,2016,177,1232,257.9,282.9,136.1,324.5
312,2016,177,1234,255.6,274.6,130.1,327.8
312,2016,177,1236,348.7,379.9,182.5,331.1
312,2016,177,1238,378.5,418.8,202,333.9
312,2016,177,1240,249.3,272.2,129.4,334.9
312,2016,177,1242,238.8,256.6,121.3,337.5
312,2016,177,1244,231.4,247.7,116,339.5
312,2016,177,1246,228.2,243.5,112.8,340.4
312,2016,177,1248,231.5,245.7,113.8,341.5
312,2016,177,1250,230.6,245.3,112.9,343.6
312,2016,177,1252,224.3,239.5,109.7,345.5
312,2016,177,1254,203.9,218.7,100.1,347.5
312,2016,177,1256,170.2,183.5,82.4,347.8
312,2016,177,1258,156.2,168.3,73.9,347
301,2016,177,1300,15.81,1257,18.29,1216,31.26,4.586,1219,1.669,.189,156,76.3,4.723,1219,1.537,.134,180.4,77.4,86.2,74.1,542.6,270.8,373.7,334.4,24.68,-6999,21.57,20.15,19.59,19.25,.242,13.52,0,0,939,30.49,0,52.94,27.17,16.62,11.66,10.54,.237,15.74,1259,17.76,1216,26.5,0
301,2016,177,1400,13.03,1327,16.85,1346,32.57,10.11,1324,1.996,.898,229.5,60.08,8.56,1324,1.784,.795,229.8,60.33,69,59.46,428.4,211.8,401.8,341.3,19.62,19.95,16.75,16.05,15.78,15.7,.271,13.65,0,0,939,30.5,0,15.86,23.04,17.34,12.34,10.59,.236,12.99,1326,16.42,1347,30.86,0
301,2016,177,1500,16.29,1400,19.24,1450,25.83,5.938,1458,1.501,.252,241.4,73.9,5.644,1458,1.415,.205,267.2,74.9,129.9,113.1,830,428.5,788,301.9,27.24,23.45,23.61,21.75,20.91,20.39,.261,13.72,0,0,939,30.49,0,53.51,26.5,17.52,12.94,10.69,.235,15.82,1400,18.63,1450,22.54,0
303,2016,177,1500,13.03,1327,19.24,1450,25.83,10.11,1324,1.722,.402,223.3,70.9,8.56,1324,1.579,.348,231,71.5,95,82.2,600.3,303.7,521.2,325.9,23.84,-6999,20.64,19.32,18.76,18.45,.261,13.72,0,0,939
301,2016,177,1600,16.38,1557,19.27,1503,27.17,6.643,1504,2.345,1.606,228.5,45.46,6.604,1519,2.157,1.481,222.5,45.37,77.2,67.47,488,248.2,461.9,314.5,23.34,24.67,21.29,19.93,19.38,19.04,.276,13.56,0,0,939,30.49,0,32.94,26.89,18.36,13.45,10.82,.235,16.15,1558,18.5,1503,26.56,0
301,2016,177,1700,16.31,1634,18.39,1621,28.88,8.84,1655,1.857,1.21,199.3,47.83,9.09,1656,1.787,1.204,194.6,46.29,57.69,50.66,402.6,195.5,376.3,299.5,20.09,-6999,18.13,17.44,17.1,16.93,.26,13.39,0,0,939,30.48,0,7.49,23.51,18.68,14.02,10.96,.234,16.21,1635,18.09,1621,24.75,0
301,2016,177,1800,13.21,1759,16.55,1700,46.67,3.527,1735,1.068,.414,130.7,63.39,3.665,1735,.934,.276,161.1,67.98,10.04,8.34,73,28.41,69.17,303,14.06,-6999,12.94,12.78,12.81,12.82,.273,13.27,0,0,939,30.48,0,-15.48,19.62,18.31,14.5,11.12,.232,13.94,1757,16.55,1700,37.91,0
303,2016,177,1800,13.21,1759,19.27,1503,46.67,8.84,1655,1.757,.93,207.5,55.56,9.09,1656,1.626,.932,205.7,52.93,48.3,42.16,321.2,157.4,302.4,305.7,19.16,-6999,17.45,16.72,16.43,16.26,.273,13.27,0,0,939
301,2016,177,1900,11.07,1859,13.37,1800,52.68,1.94,1844,.803,.716,269.9,26.69,1.94,1855,.866,.778,264.3,25.87,5.423,4.296,40.69,13.14,38.46,287.4,10.99,16.59,9.4,9.17,9.12,9.01,.264,13.19,0,0,939,30.48,0,-25.2,16.91,17.55,14.75,11.28,.23,11.81,1859,14.01,1801,45.77,0
301,2016,177,2000,9.44,1949,11.31,1920,47.73,3.273,1918,1.026,.894,282.7,28.99,2.646,1950,.955,.834,274.7,28.88,.866,.487,2.216,-2.856,1.9,271.7,7.8,-6999,5.943,5.952,6.062,6.063,.275,13.12,0,0,939,30.48,0,-37.11,14.26,16.71,14.77,11.44,.228,10.48,1948,12.29,1921,37.59,0
301,2016,177,2100,8.3,2035,10.65,2000,49.55,2.116,2040,.848,.746,273.2,28.04,2.136,2018,.827,.712,269.3,30.22,.216,.036,-4.256,-4.695,-4.261,266.5,5.943,-6999,4.097,4.232,4.422,4.467,.271,13.08,0,0,939,30.49,0,-39.72,12.12,15.77,14.65,11.58,.227,9.41,2037,11.48,2000,42.44,0
303,2016,177,2100,8.3,2035,13.37,1800,49.55,3.273,1918,.892,.782,275.8,28.49,2.646,1950,.883,.772,269.5,28.66,2.168,1.606,12.88,1.862,12.03,275.2,8.24,-6999,6.479,6.451,6.534,6.514,.271,13.08,0,0,939
301,2016,177,2200,7.34,2158,9.39,2125,56.4,2.273,2143,.952,.886,275.1,21.33,2.312,2113,.902,.83,270.4,22.96,.297,.102,-3.84,-4.54,-4.163,262.4,4.817,-6999,3.005,3.197,3.427,3.527,.261,13.05,0,0,939,30.51,0,-39.42,10.55,14.83,14.4,11.68,.225,8.48,2158,10.63,2125,46.13,0
301,2016,177,2300,6.339,2300,7.67,2206,58.53,1.333,2206,.324,.297,278.7,23.45,1.411,2231,.319,.293,265.6,22.85,.171,-.076,-4.445,-5.028,-4.409,257.8,3.509,-6999,1.323,1.468,1.758,1.895,.268,13.03,0,0,939,30.52,0,-41.06,9.3,13.96,14.07,11.75,.223,7.21,2245,8.68,2208,47.75,0
301,2016,177,2400,6.246,2345,7.11,2310,52.59,1.568,2320,.724,.686,269.6,18.51,1.431,2338,.666,.634,264.5,18,.495,.269,-3.127,-3.94,-3.51,262.4,3.281,8.91,1.172,1.281,1.39,1.42,.269,13,0,0,939,30.52,0,-37.89,8.31,13.15,13.7,11.78,.221,7.42,2345,8.23,2327,44.8,0
303,2016,177,2400,6.246,2345,9.39,2125,52.59,2.273,2143,.667,.622,273.7,20.97,2.312,2113,.629,.585,267.5,21.49,.321,.098,-3.804,-4.503,-4.027,260.9,3.869,-6999,1.833,1.982,2.192,2.281,.269,13,0,0,939
324,2016,177,2400,5.642,433,19.27,1503,47.05,10.11,1324,1.356,.87,239,48.5,9.09,1656,1.261,.822,236.5,47.78,47.76,41.15,281.9,139.8,260.7,290.3,13.23,-6999,11.56,11.05,10.91,10.79,.269,13,0,0,939,0,12.13,11.2,15.65,13.83,12.47,11.1,.228,6.482,438,18.63,1450,41.03,12.44
301,2016,178,100,6.146,35,6.851,14,52.26,1.372,13,.843,.828,261.1,11.11,1.411,6,.828,.813,257.4,10.84,.364,.217,-3.484,-4.174,-3.785,256.7,2.612,8.22,.718,.891,1.045,1.075,.26,12.97,0,0,939,30.51,0,-37.12,7.59,12.43,13.31,11.79,.221,6.952,54,7.83,9,42.59,0
301,2016,178,200,5.441,121,6.381,100,54.27,2.254,124,1.198,1.161,266.5,14.25,2.214,128,1.122,1.089,264.9,13.8,.295,.065,-3.553,-4.279,-3.898,251,1.801,7.38,.111,.328,.509,.559,.275,12.95,0,0,939,30.51,0,-37.26,6.684,11.77,12.92,11.77,.219,6.549,159,7.42,126,44.47,0
301,2016,178,300,5.139,215,6.217,251,55.22,2.352,257,1.332,1.302,266.9,12.26,2.156,257,1.263,1.227,265,13.63,.34,.127,-3.307,-4.099,-3.864,252.8,1.714,6.785,.317,.559,.731,.795,.279,12.93,0,0,939,30.51,0,-34.27,6.042,11.14,12.53,11.72,.218,6.415,212,7.36,254,46.96,0
303,2016,178,300,5.139,215,6.851,14,55.22,2.352,257,1.124,1.096,265.3,12.96,2.214,128,1.071,1.041,263,13.44,.333,.137,-3.448,-4.184,-3.849,253.5,2.043,7.46,.382,.592,.762,.81,.279,12.93,0,0,939
301,2016,178,400,4.706,331,5.917,304,57.3,2.136,358,1.301,1.284,259.3,9.34,1.999,305,1.302,1.286,256.9,9.02,.158,-.024,-3.742,-4.264,-3.879,252.1,1.185,6.301,-.21,-.076,.032,.041,.267,12.91,0,0,939,30.51,0,-33.36,5.527,10.57,12.15,11.65,.218,5.747,332,7.02,300,50.12,0
301,2016,178,500,5.012,431,5.885,459,63.65,2.136,457,1.26,1.232,253.7,12.1,1.999,456,1.275,1.252,252.3,10.9,.599,.385,-1.374,-3.172,-1.706,257.3,1.248,5.865,-.357,-.293,-.219,-.184,.266,12.9,0,0,939,30.52,0,-31.11,5.105,10.06,11.77,11.56,.217,5.952,434,6.96,457,56.57,0
301,2016,178,600,5.482,510,12.73,558,40.84,2.704,521,1.167,.85,232,42.2,2.332,514,1.061,.786,237.6,41.25,20.03,18.51,76,38.95,71.5,261.9,3.619,5.875,2.968,3.584,4.163,4.347,.262,12.93,0,0,939,30.53,0,-18.65,5.188,9.59,11.42,11.47,.216,6.49,510,12.73,558,36.54,0
303,2016,178,600,4.706,331,12.73,558,40.84,2.704,521,1.242,1.101,250.4,27.29,2.332,514,1.213,1.099,250.6,24.87,6.93,6.291,23.63,10.5,21.97,257.1,2.017,6.014,.8,1.072,1.326,1.401,.262,12.93,0,0,939
301,2016,178,700,12.02,606,15.29,657,42.13,4.056,638,.968,.708,106.4,41.96,3.116,638,.779,.529,91.7,45.87,70.8,62.34,282.8,66.22,268.7,268.5,9.91,7.54,13.13,13.43,13.45,13.08,.265,12.95,0,0,939,30.55,0,34.61,7.21,9.38,11.09,11.36,.216,11.79,606,14.92,658,39.75,0
301,2016,178,800,14.24,715,15.58,741,44.4,4.448,758,1.522,.742,137.2,57.99,3.763,714,1.207,.32,122.4,69.43,103.8,90.1,502.9,267.3,478.2,273.6,15.36,11.02,18.55,17.07,16.52,16.02,.268,12.99,0,0,939,30.57,0,79.7,11.52,9.81,10.81,11.24,.217,13.7,725,15.04,741,42.62,0
301,2016,178,900,15.04,800,16.94,851,28.05,5.095,823,1.437,.31,88.6,71.7,4.801,823,1.268,.269,42.02,71.9,131.5,113.8,714,375.2,679.8,276.5,21.35,14.97,21.62,19.52,18.75,18.23,.264,13.12,0,0,939,30.57,0,97.8,17.99,10.77,10.64,11.12,.22,14.1,800,16.37,851,25.63,0
303,2016,178,900,12.02,606,16.94,851,28.05,5.095,823,1.309,.555,116.3,61.47,4.801,823,1.084,.327,89.2,67.72,102.1,88.7,499.9,236.2,475.6,272.9,15.54,11.17,17.77,16.67,16.24,15.78,.264,13.12,0,0,939
301,2016,178,1000,16.73,916,18.09,950,21.23,5.252,930,1.779,.863,234.2,58.13,4.84,959,1.664,.729,234,60.71,151.4,130.7,888,465.4,849,280.4,26.53,-6999,21.88,20.01,19.49,19.69,.261,13.24,0,0,939,30.58,0,93.6,24.2,12.18,10.63,11.01,.224,16.29,917,17.56,928,18.31,0
301,2016,178,1100,17.09,1016,19.23,1035,22.2,6.428,1020,2.181,1.442,235.4,47.16,6.761,1020,2.147,1.354,227.3,49.23,165.2,142.2,1017,527.6,972,285.8,30.86,-6999,22.91,21.33,20.62,20.25,.264,13.37,0,0,939,30.58,0,144.9,28.59,13.88,10.81,10.91,.228,16.48,1016,18.36,1035,19.32,0
312,2016,178,1130,207.2,221.8,102.2,344.9
312,2016,178,1132,1155,1214,637.7,304.6
312,2016,178,1134,1155,1215,637.8,303
312,2016,178,1136,1155,1214,637.7,303.6
312,2016,178,1138,1162,1220,639.7,303.5
312,2016,178,1140,1157,1217,635.5,303.3
312,2016,178,1142,934,979,511.8,303.9
312,2016,178,1144,227.5,246.1,124.5,299.9
312,2016,178,1146,676.8,722,359.2,300.2
312,2016,178,1148,353.1,381.2,185.5,301.9
312,2016,178,1150,242.6,267.8,129.1,301.9
312,2016,178,1152,258.4,287,136.7,304.8
312,2016,178,1154,275,309.8,145.3,306.5
312,2016,178,1156,923,978,493.3,308.9
312,2016,178,1158,1221,1295,660.6,312
301,2016,178,1200,16.84,1153,19.83,1133,24.31,5.605,1118,1.937,.366,100.9,73,5.448,1118,1.735,.26,108.6,74.7,163.3,140.7,1026,534.7,975,303.7,33.76,-6999,26.69,24.21,23.06,22.36,.274,13.66,0,0,939,30.58,0,140.2,32.9,15.79,11.23,10.83,.231,16.54,1153,19.16,1132,21.8,0
303,2016,178,1200,16.73,916,19.83,1133,24.31,6.428,1020,1.966,.689,227.6,65.28,6.761,1020,1.849,.653,223.1,65.15,160,137.9,977,509.2,932,290,30.38,-6999,23.83,21.85,21.06,20.76,.274,13.66,0,0,939
312,2016,178,1200,1268,1340,696.3,311.6
312,2016,178,1202,1240,1310,683.5,312.2
312,2016,178,1204,1222,1291,676.1,311.8
312,2016,178,1206,1203,1270,664.7,309.8
312,2016,178,1208,1193,1265,660.7,309
312,2016,178,1210,919,1150,597.9,310.6
312,2016,178,1212,252.1,311,157.5,306.1
312,2016,178,1214,257.5,287.8,142.3,303.8
312,2016,178,1216,252.7,421.7,204.1,302
312,2016,178,1218,267.3,1071,534.3,307.9
312,2016,178,1220,261.3,1323,682,310.4
312,2016,178,1222,262.2,1324,687.8,311
312,2016,178,1224,261,1288,670.9,311.1
312,2016,178,1226,284.1,545.5,284,309.1
312,2016,178,1228,358.6,741,369.3,307.6
312,2016,178,1230,456.2,601.2,300.4,306.6
312,2016,178,1232,634.1,702,349.1,303.9
312,2016,178,1234,909,980,493.5,306.7
312,2016,178,1236,549.5,621.2,312.1,307.2
312,2016,178,1238,1078,1159,594.3,308.3
312,2016,178,1240,1222,1293,668.9,310.1
312,2016,178,1242,1204,1271,660.4,307.2
312,2016,178,1244,1174,1237,645.7,305.1
312,2016,178,1246,1162,1223,638.6,304.9
312,2016,178,1248,1163,1224,639,304.7
312,2016,178,1250,1157,1218,636.8,303.9
312,2016,178,1252,1145,1207,631.4,303.6
312,2016,178,1254,1133,1194,622.9,302.7
312,2016,178,1256,1125,1185,617.7,303.3
312,2016,178,1258,1129,1189,619.4,304
301,2016,178,1300,17.01,1215,19.46,1248,24.48,7.66,1231,3.053,2.478,89.4,35.17,6.78,1250,2.43,1.836,89.5,40.05,162.3,140.1,1037,535.8,821,306.9,33.06,-6999,25.08,23.1,22.14,21.45,.28,13.93,0,0,939,30.57,0,90.6,33.68,17.83,11.9,10.81,.233,16.67,1216,19.02,1248,21.06,0
301,2016,178,1400,17.89,1325,19.26,1311,20.96,8.76,1305,3.345,2.844,85.9,31.36,7.58,1305,2.642,2.143,84.4,35.21,173.9,150.9,1121,583.4,1064,295.5,35.49,-6999,26.23,24.05,22.97,22.17,.279,13.73,0,0,939,30.57,0,88.9,36.23,19.53,12.79,10.86,.235,17.28,1325,18.49,1311,17.71,0
301,2016,178,1500,18.22,1446,20.23,1434,23.84,6.192,1448,1.895,1.024,86.3,54.93,6.036,1448,1.701,.789,85.9,59.31,144.9,126.8,928,484.8,884,291.9,33.25,-6999,26.07,23.96,22.84,22.22,.288,13.6,0,0,939,30.57,0,71,35.99,21.13,13.79,10.97,.236,17.89,1446,19.76,1434,19.05,0
303,2016,178,1500,17.01,1215,20.23,1434,23.84,8.76,1305,2.765,2.114,87.3,39.29,7.58,1305,2.258,1.588,86.6,44.12,160.4,139.3,1029,534.7,923,298.1,33.93,-6999,25.8,23.71,22.65,21.95,.288,13.6,0,0,939
301,2016,178,1600,17.81,1557,19.56,1504,24.41,7.64,1556,2.52,1.2,86.2,58.62,7.07,1557,2.192,.93,91,61.46,128.1,113.5,808,424.5,770,289.5,29.96,-6999,24.62,22.87,21.91,21.35,.287,13.6,0,0,939,30.56,0,41.76,33.89,22.11,14.87,11.13,.235,17.48,1557,18.95,1537,21.26,0
301,2016,178,1700,17.68,1658,19.42,1619,26.9,6.29,1653,2.245,1.042,93.5,59.28,5.957,1620,1.837,.689,93.1,64.02,79.9,71.3,560.9,271.9,520.2,284.4,24.31,-6999,19.63,18.83,18.43,18.22,.281,13.42,0,0,939,30.55,0,-2.899,29.51,22.43,15.85,11.35,.233,17.42,1659,19.02,1619,21.33,0
301,2016,178,1800,15.41,1758,17.75,1700,27.2,3.743,1700,1.337,.154,273.3,76.2,3.645,1716,1.212,.262,268.3,71.7,22.52,20,48.95,9.1,41.67,279,15.3,-6999,14.48,14.77,14.98,14.99,.279,13.27,0,0,939,30.55,0,-33.21,23.31,21.74,16.6,11.61,.229,15.68,1759,17.82,1707,23.28,0
303,2016,178,1800,15.41,1758,19.56,1504,27.2,7.64,1556,2.034,.695,89.3,65.73,7.07,1557,1.747,.453,92.6,69.72,76.8,68.27,472.7,235.2,444.1,284.3,23.19,-6999,19.58,18.82,18.44,18.19,.279,13.27,0,0,939
301,2016,178,1900,10.7,1855,15.58,1802,48.08,3.331,1803,.917,.541,275.6,51.83,3.449,1803,.925,.597,269.3,48.27,1.745,.818,21.3,.326,20.38,274.5,11.32,-6999,9.59,9.46,9.57,9.55,.286,13.18,0,0,939,30.56,0,-39.16,19.63,20.5,16.95,11.88,.226,11.74,1854,15.88,1802,39.72,0
301,2016,178,2000,9.2,1943,11.13,1906,44.27,1.627,1951,.76,.689,263.6,24.83,1.666,1951,.794,.731,262,22.83,.798,.415,1.661,-3.34,1.542,268.1,8.35,-6999,5.8,5.59,5.654,5.564,.284,13.11,0,0,939,30.57,0,-45.67,16.62,19.28,16.96,12.13,.223,10.34,1944,12.01,1910,34.57,0
301,2016,178,2100,8.34,2059,9.95,2050,49.82,1.96,2046,.813,.772,275,18.03,2.038,2037,.837,.786,270.4,20.01,.496,.269,-3.92,-4.567,-4.289,265.8,6.664,-6999,4.202,4.106,4.265,4.256,.287,13.07,0,0,939,30.58,0,-47.14,14.3,18.11,16.76,12.34,.221,9.81,2019,11.22,2038,39.41,0
303,2016,178,2100,8.34,2059,15.58,1802,49.82,3.331,1803,.83,.664,271.2,36.17,3.449,1803,.852,.703,267.2,33.89,1.013,.5,6.346,-2.527,5.878,269.5,8.78,-6999,6.532,6.385,6.496,6.455,.287,13.07,0,0,939
301,2016,178,2200,7.57,2152,9.02,2124,47.94,1.862,2131,.73,.698,267.8,16.91,1.724,2128,.749,.721,259.2,15.82,.225,.023,-3.885,-4.469,-4.069,268.9,5.758,-6999,3.379,3.272,3.352,3.231,.295,13.05,0,0,939,30.6,0,-44.84,12.7,17.01,16.42,12.5,.219,8.75,2148,10.16,2132,35.72,0
301,2016,178,2300,7.14,2217,8.22,2228,44.02,1.489,2205,.714,.685,264.5,16.23,1.431,2205,.745,.729,260.3,11.96,.358,.184,-3.533,-4.242,-3.806,267.6,4.91,-6999,2.61,2.534,2.636,2.546,.295,13.02,0,0,939,30.59,0,-43.32,11.46,16.03,15.99,12.62,.217,8.42,2219,9.42,2209,37.14,0
301,2016,178,2400,6.81,2329,7.95,2300,42.72,1.529,2359,.665,.638,264.5,16.22,1.45,2307,.712,.692,260.5,13.56,.367,.137,-3.822,-4.487,-4.067,256.3,3.785,-6999,1.497,1.519,1.664,1.564,.284,13,0,0,939,30.59,0,-44.33,10.27,15.15,15.54,12.68,.216,7.82,2330,8.89,2302,34.59,0
303,2016,178,2400,6.81,2329,9.02,2124,42.72,1.862,2131,.703,.673,265.6,16.54,1.724,2128,.735,.714,260,13.89,.316,.115,-3.747,-4.399,-3.981,264.3,4.818,-6999,2.495,2.441,2.551,2.447,.284,13,0,0,939
324,2016,178,2400,4.706,331,20.23,1434,39.42,8.76,1305,1.497,.161,211.3,76.5,7.58,1305,1.351,.235,236,73.6,63.48,55.15,375.1,189.3,349.3,273.7,15.09,-6999,12.15,11.44,11.19,10.97,.284,13,0,0,939,0,12.57,16.28,18.17,15.34,13.49,11.55,.224,5.747,332,19.76,1434,33.38,12.83
301,2016,179,100,6.482,100,7.79,1,51.72,2.45,32,1.171,1.142,266.1,12.67,2.391,35,1.088,1.057,266,13.62,.358,.158,-3.586,-4.388,-4.078,253.4,3.177,-6999,1.356,1.573,1.869,1.878,.289,12.98,0,0,939,30.58,0,-42.2,9.18,14.32,15.09,12.71,.214,7.42,49,8.9,32,41.78,0
301,2016,179,200,6.213,107,6.919,128,51.12,2.528,138,1.484,1.453,262.4,11.79,2.391,138,1.436,1.401,262.2,12.65,.274,.12,-3.553,-4.236,-3.96,253.3,2.884,-6999,1.289,1.463,1.685,1.641,.288,12.97,0,0,939,30.58,0,-39.66,8.36,13.56,14.63,12.7,.213,7.36,132,8.16,142,40.97,0
301,2016,179,300,5.474,252,6.851,205,51.05,2.018,201,.846,.813,259.2,15.88,1.979,201,.899,.871,257.1,14.18,.119,-.179,-4.138,-4.616,-4.086,253,2.161,-6999,.386,.392,.568,.489,.291,12.93,0,0,939,30.58,0,-38.85,7.68,12.86,14.18,12.66,.211,6.348,259,8.03,203,42.79,0
303,2016,179,300,5.474,252,7.79,1,51.05,2.528,138,1.167,1.135,262.9,13.42,2.391,35,1.141,1.108,262.1,13.78,.25,.033,-3.759,-4.414,-4.041,253.2,2.741,-6999,1.011,1.143,1.374,1.336,.291,12.93,0,0,939
301,2016,179,400,5.508,301,7.29,348,57.47,3.057,346,.925,.899,262.2,13.52,2.744,346,.873,.846,263.6,14.21,.516,.317,-3.413,-4.255,-3.929,249,1.704,-6999,-.304,-.109,.196,.184,.292,12.93,0,0,939,30.58,0,-39.74,6.949,12.22,13.74,12.6,.209,6.28,302,8.63,348,49.24,0
301,2016,179,500,4.776,448,6.047,400,51.63,2.175,449,.943,.877,266.4,21.49,2.097,416,.906,.833,266.1,22.91,.381,.207,-2.238,-4.027,-2.582,246,1.241,-6999,-.367,-.14,.166,.156,.29,12.91,0,0,939,30.58,0,-37.33,6.332,11.61,13.31,12.51,.208,5.884,440,7.09,401,43.2,0
301,2016,179,600,4.944,519,10.69,600,51.7,2.332,531,.604,.529,262.5,28.62,1.999,531,.613,.536,261.4,28.66,21.14,19.63,78.2,41.17,73.7,248.5,2.776,-6999,1.277,1.769,2.332,2.637,.281,12.94,0,0,939,30.59,0,-28.03,6.047,11.05,12.9,12.42,.207,5.818,520,11.13,559,43.33,0
303,2016,179,600,4.776,448,10.69,600,51.7,3.057,346,.824,.768,263.9,21.18,2.744,346,.797,.738,264,22.05,7.34,6.717,24.18,10.96,22.41,247.8,1.907,-6999,.202,.507,.898,.992,.281,12.94,0,0,939
301,2016,179,700,10.69,600,15.67,655,32.2,3.253,642,.752,.52,195.4,44.98,3.037,640,.667,.415,203.5,49.73,75.5,66.91,292.4,67.63,277.4,256.2,9.87,8.08,11.79,12.75,13.46,13.16,.267,12.96,0,0,939,30.61,0,29.78,7.65,10.7,12.51,12.3,.207,11.06,600,15.13,658,28.54,0
301,2016,179,800,15.27,701,17.92,751,17.75,3.351,706,.941,.521,101.7,54.13,2.998,758,.871,.452,88.9,56.19,108,94.1,516.8,280,491,262.9,16.15,11.67,20.54,18.88,18.37,17.78,.263,12.99,0,0,939,30.62,0,85,11.37,11,12.17,12.19,.208,14.59,701,17.52,755,14.5,0
301,2016,179,900,16.69,845,18.05,814,18.52,6.859,835,2.403,2.122,99,27.73,7.04,835,1.761,1.477,98.2,32.49,136.1,118.6,728,385.3,693.6,267,21.84,16.09,22.56,20.43,19.69,19.13,.28,13.1,0,0,939,30.63,0,93.2,18.67,11.9,11.93,12.06,.212,16.16,845,17.24,816,15.09,0
303,2016,179,900,10.69,600,18.05,814,18.52,6.859,835,1.365,.88,110.9,48.29,7.04,835,1.099,.614,108.5,53.8,106.5,93.2,512.4,244.3,487.3,262,15.95,11.95,18.3,17.35,17.17,16.69,.28,13.1,0,0,939
301,2016,179,1000,16.98,934,18.16,949,18.65,9.01,956,3.366,2.841,90.5,31.98,8.09,956,2.592,2.043,87.1,37.27,156.5,136,902,474.8,863,270.3,27.18,19.42,21.43,19.83,19.32,19.34,.284,13.21,0,0,939,30.63,0,98.9,24.63,13.25,11.85,11.94,.216,16.41,933,17.62,950,14.69,0
301,2016,179,1100,17.29,1006,18.9,1040,17.94,8.21,1027,3.045,2.612,95.2,30.55,7.66,1027,2.424,1.953,94.2,35.69,169.1,146.5,1030,543.3,987,273.4,32.1,-6999,22.49,21.06,20.3,19.84,.292,13.33,0,0,939,30.63,0,159,29.94,14.9,11.97,11.82,.219,16.75,1005,18.09,1041,14.82,0
312,2016,179,1130,1140,1200,624.2,301.8
312,2016,179,1132,1044,1094,573.7,280.1
312,2016,179,1134,1046,1097,575.1,281
312,2016,179,1136,1050,1101,577.5,280.3
312,2016,179,1138,1050,1101,576.4,280.6
312,2016,179,1140,1054,1107,578.2,280.5
312,2016,179,1142,1054,1108,580.6,281
312,2016,179,1144,1053,1105,579.6,280.6
312,2016,179,1146,1054,1107,580,281.1
312,2016,179,1148,1057,1110,581.6,280.1
312,2016,179,1150,1059,1113,582.2,280.2
312,2016,179,1152,1060,1115,583.6,280.3
312,2016,179,1154,1060,1114,584.1,279.7
312,2016,179,1156,1060,1114,583.4,279.3
312,2016,179,1158,1061,1116,584.3,280.1
301,2016,179,1200,17.99,1110,19.3,1127,17.91,7.62,1117,2.585,2.233,87.6,29.87,6.996,1117,2.088,1.717,84.7,34.14,173.4,149.9,1096,575.5,1046,279.9,35.71,-6999,26.69,24.19,22.97,22.21,.299,13.48,0,0,939,30.63,0,172.8,34.44,16.75,12.33,11.74,.222,17.35,1105,18.56,1146,14.69,0
303,2016,179,1200,16.98,934,19.3,1127,17.91,9.01,956,2.999,2.559,91.2,31.03,8.09,956,2.368,1.9,88.8,36.01,166.3,144.1,1010,531.2,966,274.5,31.66,-6999,23.54,21.69,20.86,20.47,.299,13.48,0,0,939
312,2016,179,1200,1063,1118,585.9,280.5
312,2016,179,1202,1051,1107,579.4,279.7
312,2016,179,1204,1035,1092,572.2,280.2
312,2016,179,1206,1057,1115,585.5,279.6
312,2016,179,1208,1047,1112,584,280
312,2016,179,1210,871,1111,583.2,279
312,2016,179,1212,318.1,1096,574.8,280.5
312,2016,179,1214,75.6,1106,580.3,279.5
312,2016,179,1216,59.52,1133,594.1,279.8
312,2016,179,1218,58.13,1134,595.1,279.7
312,2016,179,1220,58.5,1136,594.9,279.3
312,2016,179,1222,58.89,1136,596.5,280.2
312,2016,179,1224,60.1,1135,596.3,280.8
312,2016,179,1226,64.97,1135,597.1,281.1
312,2016,179,1228,199,1130,593.9,279.3
312,2016,179,1230,696.9,1068,560.2,280.4
312,2016,179,1232,961,1038,546,281.4
312,2016,179,1234,1057,1114,585.3,281.4
312,2016,179,1236,1055,1110,581.4,281.2
312,2016,179,1238,984,1037,543.7,280.6
312,2016,179,1240,1015,1070,562.8,281.8
312,2016,179,1242,1047,1100,578.3,283
312,2016,179,1244,1026,1078,565,281.8
312,2016,179,1246,1028,1081,565.6,281.8
312,2016,179,1248,1066,1120,585.3,281.2
312,2016,179,1250,1035,1089,569.7,281.3
312,2016,179,1252,1075,1131,594.2,282.1
312,2016,179,1254,1080,1135,596.2,283
312,2016,179,1256,1080,1135,595.1,282.9
312,2016,179,1258,1081,1137,596,285
301,2016,179,1300,18.52,1218,19.69,1241,16.87,7.6,1245,2.458,1.996,89.7,35.13,7.86,1245,2.032,1.544,86.3,39.72,172.3,149.5,1108,581.3,746,281,36.54,-6999,27.16,24.77,23.66,22.84,.298,13.69,0,0,939,30.63,0,117.8,37.41,18.83,12.96,11.7,.224,18.02,1234,19.22,1240,14.02,0
301,2016,179,1400,18.52,1312,19.76,1333,19.82,7.68,1353,3.018,2.535,88.9,32.43,6.565,1353,2.395,1.932,86.1,35.62,154.9,135.1,999,521.2,949,283.3,34.93,-6999,25.55,23.65,22.76,22.09,.304,13.6,0,0,939,30.62,0,74.6,37.63,20.77,13.85,11.73,.226,17.95,1312,19.15,1333,14.42,0
301,2016,179,1500,18.92,1437,19.83,1447,18.78,7.88,1439,3.303,2.861,86.6,29.62,6.526,1440,2.66,2.245,82.9,31.98,151.2,132.6,959,501.7,915,283.3,33.98,-6999,25.12,23.66,22.62,22.03,.311,13.5,0,0,939,30.61,0,49.73,37.05,22.21,14.88,11.83,.226,18.42,1425,19.23,1500,15.36,0
303,2016,179,1500,18.52,1312,19.83,1447,18.78,7.88,1439,2.927,2.463,88.2,32.23,7.86,1245,2.362,1.906,84.9,35.6,159.5,139.1,1022,534.7,870,282.5,35.15,-6999,25.94,24.03,23.01,22.32,.311,13.5,0,0,939
301,2016,179,1600,19.06,1544,20.27,1501,19.35,7.49,1549,2.569,2.132,92.1,33.39,7.47,1549,2.008,1.616,90.4,35.77,125.5,111.6,789,414.9,753,284.5,30.71,-6999,24.77,23.23,22.31,21.85,.29,13.53,0,0,939,30.6,0,35.14,35.18,23.12,15.93,12,.224,18.62,1536,19.83,1502,15.09,0
301,2016,179,1700,18.45,1658,20.23,1601,19.65,7.04,1603,2.388,1.94,93.8,35.08,5.84,1616,1.836,1.348,90.9,41.76,81.2,72.8,570.6,277.9,529.9,284.6,25.1,-6999,20.5,19.73,19.29,19.06,.298,13.4,0,0,939,30.59,0,-4.809,30.73,23.37,16.88,12.21,.221,18.21,1658,19.56,1601,15.49,0
301,2016,179,1800,16.28,1759,18.58,1703,24.75,5.467,1723,1.402,.703,69.29,57.2,4.997,1723,1.205,.54,70.8,60.19,22.64,20.2,45.56,7.42,38.32,279.1,15.77,-6999,14.92,15.38,15.74,15.83,.298,13.24,0,0,939,30.59,0,-33.46,24.17,22.61,17.6,12.45,.218,16.55,1759,18.55,1704,18.92,0
303,2016,179,1800,16.28,1759,20.27,1501,24.75,7.49,1549,2.12,1.575,89.5,41.06,7.47,1549,1.683,1.159,87.6,45.2,76.4,68.21,468.5,233.4,440.5,282.7,23.86,-6999,20.06,19.44,19.11,18.91,.298,13.24,0,0,939
301,2016,179,1900,14.22,1853,16.35,1815,26.84,5.997,1814,1.096,.254,111.5,71,5.448,1814,.972,.159,134.2,74.1,1.944,1.093,20,-.311,18.88,275.9,12.13,-6999,10.82,10.92,11.34,11.53,.27,13.17,0,0,939,30.59,0,-39.28,20.42,21.34,17.91,12.71,.215,14.88,1834,16.68,1800,21,0
301,2016,179,2000,10.97,1953,14.32,1900,32.42,2.371,1930,.83,.502,245.1,50.98,2.469,1947,.853,.594,253.5,44.63,.565,.223,1.462,-3.33,1.363,273.9,9.22,-6999,7.28,7.22,7.55,7.65,.317,13.1,0,0,939,30.59,0,-44.56,17.49,20.1,17.89,12.95,.212,12.14,1953,15.09,1900,26.44,0
301,2016,179,2100,9.71,2041,11.58,2001,43.16,1.705,2033,.692,.566,269.2,34.6,1.803,2044,.711,.593,265.9,33.02,.082,-.149,-4.541,-4.868,-4.372,277.1,7.59,-6999,5.223,5.053,5.287,5.316,.287,13.1,0,0,939,30.6,0,-45.41,15.32,18.92,17.66,13.15,.21,10.68,2039,12.55,2003,31.75,0
303,2016,179,2100,9.71,2041,16.35,1815,43.16,5.997,1814,.872,.282,248.4,66.65,5.448,1814,.845,.366,252.9,61.02,.862,.388,5.625,-2.839,5.275,275.6,9.65,-6999,7.77,7.73,8.05,8.16,.287,13.1,0,0,939
301,2016,179,2200,8.51,2152,10.38,2110,48.71,2.214,2106,1.029,.989,276,15.93,2.077,2106,1.035,.997,270.2,15.49,.139,-.023,-3.716,-4.444,-4.112,272.2,6.688,-6999,4.733,4.679,4.856,4.82,.307,13.04,0,0,939,30.61,0,-43.55,13.73,17.86,17.3,13.31,.208,9.69,2153,11.35,2106,38.54,0
301,2016,179,2300,8.75,2200,9.56,2227,44.25,2.332,2241,1.175,1.13,275.8,15.79,2.038,2229,1.134,1.085,271.8,16.79,.482,.239,-3.399,-4.153,-3.867,271.2,6.169,-6999,4.525,4.749,5.096,5.171,.289,13.02,0,0,939,30.61,0,-41.23,12.47,16.89,16.87,13.41,.206,9.69,2215,10.23,2244,38.21,0
301,2016,179,2400,7.78,2353,9.29,2301,51.2,2.038,2316,.923,.871,278.1,19.32,1.999,2348,.807,.744,276.1,22.54,.168,-.009,-3.637,-4.313,-3.912,270,5.294,-6999,3.741,3.827,4.17,4.24,.306,12.98,0,0,939,30.6,0,-39.88,11.48,16.03,16.41,13.46,.205,9.09,2352,10.09,2328,42.17,0
303,2016,179,2400,7.78,2353,10.38,2110,51.2,2.332,2241,1.042,.996,276.5,16.98,2.077,2106,.992,.942,272.4,18.27,.263,.069,-3.584,-4.303,-3.964,271.1,6.05,-6999,4.333,4.418,4.707,4.744,.306,12.98,0,0,939
324,2016,179,2400,4.776,448,20.27,1501,33,9.01,956,1.665,.538,96.5,66.63,8.09,956,1.411,.304,95.5,71.8,64.69,56.48,379.4,192.9,347.9,268.7,15.87,-6999,12.65,12.04,11.9,11.7,.306,12.98,0,0,939,0,13.32,16.59,19.35,16.51,14.7,12.44,.214,5.818,520,19.83,1502,27.16,13.58
301,2016,180,100,7.48,28,8.62,58,52.92,2.234,39,1.4,1.347,248.9,15.85,2.234,57,1.356,1.302,251.5,16.16,.343,.156,-3.465,-4.101,-3.819,265.6,4.619,-6999,2.972,2.942,3.126,3.05,.307,12.96,0,0,939,30.6,0,-39.5,10.52,15.25,15.95,13.47,.204,8.69,28,9.76,59,43.85,0
301,2016,180,200,8.15,158,9.56,130,59.87,3.233,102,1.61,1.537,234.7,17.2,2.724,125,1.468,1.404,231.5,17,.237,.058,-3.49,-4.062,-3.643,270.7,4.767,-6999,3.178,3.146,3.32,3.243,.323,12.95,0,0,939,30.6,0,-35.59,9.84,14.54,15.5,13.45,.203,9.03,157,10.84,132,52.45,0
301,2016,180,300,7.82,255,8.69,209,65.78,2.469,258,1.195,1.139,232.3,17.68,2.234,202,1.106,1.044,234.2,19.15,.185,-.069,-3.186,-3.553,-3.141,283.1,5.064,-6999,3.532,3.504,3.668,3.602,.317,12.93,0,0,939,30.61,0,-30.85,9.51,13.91,15.06,13.41,.202,8.82,244,9.56,259,57.08,0
303,2016,180,300,7.48,28,9.56,130,65.78,3.233,102,1.402,1.33,238.8,18.33,2.724,125,1.31,1.235,239.2,19.47,.255,.048,-3.38,-3.905,-3.534,273.1,4.817,-6999,3.227,3.197,3.372,3.298,.317,12.93,0,0,939
301,2016,180,400,7.88,301,9.36,340,63.87,2.665,339,1.372,1.283,234.3,20.72,2.606,339,1.284,1.2,234.4,20.63,.356,.152,-3.012,-3.491,-3.178,278.7,4.913,-6999,3.535,3.575,3.801,3.787,.31,12.95,0,0,939,30.61,0,-29.65,9.17,13.38,14.64,13.34,.201,8.96,311,10.17,341,57.02,0
301,2016,180,500,7.21,457,8.99,412,70.9,3.508,410,1.333,1.276,244.1,16.83,2.391,411,1.248,1.189,246.4,17.53,.307,.115,-1.863,-3.172,-1.833,273.4,4.418,-6999,3.222,3.277,3.47,3.424,.304,12.91,0,0,939,30.62,0,-29.3,8.73,12.91,14.25,13.26,.2,8.09,455,10.1,412,63.47,0
301,2016,180,600,7.08,513,11.65,559,59.74,2.352,513,.916,.851,231.5,21.64,2.273,513,.876,.828,237.2,18.93,17.88,16.49,61.82,30.7,58.24,267.9,5.236,-6999,3.772,3.888,4.35,4.519,.306,12.93,0,0,939,30.62,0,-23.44,8.39,12.46,13.89,13.15,.2,7.95,520,11.91,559,56.75,0
303,2016,180,600,7.08,513,11.65,559,59.74,3.508,410,1.207,1.131,237.3,20.32,2.606,339,1.136,1.068,239.5,19.79,6.183,5.585,18.98,8.01,17.74,273.3,4.855,-6999,3.51,3.58,3.874,3.91,.306,12.93,0,0,939
301,2016,180,700,11.61,600,14.86,659,51.16,2.841,624,.918,.598,96.3,47.77,2.469,644,.765,.492,75,48.36,68.84,61.16,265,64.58,251.4,273.4,11.21,-6999,12.49,13.25,13.58,13.34,.3,12.96,0,0,939,30.63,0,22.6,9.63,12.16,13.55,13.05,.199,11.91,600,14.39,641,47.87,0
301,2016,180,800,14.85,701,16.22,737,45.7,4.723,756,1.232,.317,131.4,69.8,4.174,757,1.062,.142,95.2,75.4,103.1,90.1,488.8,258.7,464.4,279.7,16.41,-6999,19.53,17.94,17.23,16.77,.298,13,0,0,939,30.64,0,76.6,12.85,12.41,13.25,12.94,.2,14.18,700,15.51,737,43.15,0
301,2016,180,900,15.33,805,17.54,900,45.09,5.095,805,1.522,.453,178,67.87,4.605,819,1.349,.206,191.9,74.6,131.2,114.2,698.1,362.8,664.6,285.2,21.84,-6999,22.23,19.9,19.04,18.58,.305,13.11,0,0,939,30.64,0,88.2,19.47,13.18,13.04,12.82,.203,14.63,807,16.9,859,43.14,0
303,2016,180,900,11.61,600,17.54,900,45.09,5.095,805,1.224,.373,130.7,67.55,4.605,819,1.059,.194,98.6,73.2,101.1,88.5,484,228.7,460.1,279.4,16.49,-6999,18.08,17.03,16.61,16.23,.305,13.11,0,0,939
301,2016,180,1000,16.15,959,19.23,944,37.93,5.565,902,1.784,1.151,73.2,48.26,4.194,955,1.66,.993,59.75,51.36,141.6,123.4,817,424.3,780,311.5,27.52,-6999,23.97,21.53,20.61,20.59,.309,13.21,0,0,939,30.64,0,90.1,25.74,14.35,12.96,12.71,.207,16.01,1000,18.16,943,33.07,0
301,2016,180,1100,14.77,1019,17.16,1058,34.72,6.271,1005,1.194,.163,246.4,75.3,6.839,1005,1.035,.186,230.9,7