401,2018,85,1400,.066,2.809,.119,.307,.753,13.89
401,2018,85,1500,.066,2.753,.119,.307,.753,13.96
401,2018,85,1600,.066,2.719,.12,.017,.013,13.49
401,2018,85,1700,.066,2.692,.12,.016,.013,14.08
401,2018,85,1800,.066,2.64,.12,.015,.013,12.82
401,2018,85,1900,.066,2.591,.12,.016,.013,12.65
401,2018,85,2000,.066,2.55,.12,.015,.013,12.62
401,2018,85,2100,.066,2.494,.12,.016,.013,12.62
401,2018,85,2200,.066,2.45,.12,.017,.013,12.62
401,2018,85,2300,.066,2.41,.12,.017,.013,12.61
401,2018,85,2400,.066,2.388,.12,.017,.013,12.61
424,2018,85,2400,.066,2.53,.12,.016,.013,12.61
401,2018,86,100,.065,2.347,.12,.017,.013,12.59
401,2018,86,200,.065,2.295,.12,.016,.013,12.58
401,2018,86,300,.065,2.241,.12,.016,.013,12.57
401,2018,86,400,.065,2.182,.12,.017,.013,12.56
401,2018,86,500,.065,2.128,.12,.017,.014,12.55
401,2018,86,600,.065,2.093,.12,.018,.014,12.55
401,2018,86,700,.065,2.062,.12,.018,.014,12.57
401,2018,86,800,.065,2.06,.12,.019,.014,13.16
401,2018,86,900,.065,2.067,.12,.019,.014,13.98
401,2018,86,1000,.065,2.12,.12,.02,.015,14.11
401,2018,86,1100,.065,2.193,.12,.022,.016,14.01
401,2018,86,1200,.065,2.292,.12,.024,.016,13.94
401,2018,86,1300,.066,2.393,.12,.024,.016,13.9
401,2018,86,1400,.066,2.474,.12,.026,.018,13.87
401,2018,86,1500,.066,2.563,.12,.023,.016,13.87
401,2018,86,1600,.066,2.6,.12,.025,.017,13.85
401,2018,86,1700,.066,2.635,.12,.024,.017,13.87
401,2018,86,1800,.066,2.658,.12,.022,.016,13.1
401,2018,86,1900,.066,2.638,.12,.022,.016,13.01
401,2018,86,2000,.066,2.559,.12,.022,.016,12.96
401,2018,86,2100,.066,2.471,.12,.023,.016,12.91
401,2018,86,2200,.066,2.402,.12,.024,.016,12.86
401,2018,86,2300,.066,2.335,.12,.024,.016,12.8
401,2018,86,2400,.065,2.268,.12,.023,.016,12.73
424,2018,86,2400,.066,2.337,.12,.021,.015,12.73
401,2018,87,100,.065,2.221,.12,.022,.016,12.66
401,2018,87,200,.065,2.158,.12,.022,.016,12.61
401,2018,87,300,.065,2.085,.12,.023,.016,12.59
401,2018,87,400,.065,2.052,.12,.023,.016,12.56
401,2018,87,500,.065,2.022,.12,.023,.016,12.54
401,2018,87,600,.065,2.002,.12,.024,.017,12.54
401,2018,87,700,.065,1.994,.121,.025,.017,12.54
401,2018,87,800,.065,2.018,.121,.027,.018,12.63
401,2018,87,900,.066,2.064,.122,.027,.018,13.96
401,2018,87,1000,.066,2.154,.122,.029,.019,14.04
401,2018,87,1100,.067,2.324,.122,.031,.02,13.96
401,2018,87,1200,.067,2.339,.123,.036,.023,13.88
401,2018,87,1300,.067,2.409,.123,.033,.021,13.84
401,2018,87,1400,.068,2.51,.123,.033,.021,13.81
401,2018,87,1500,.068,2.586,.122,.03,.02,13.87
401,2018,87,1600,.067,2.613,.122,.029,.019,13.29
401,2018,87,1700,.067,2.576,.122,.028,.019,13.15
401,2018,87,1800,.067,2.474,.122,.029,.019,13.03
401,2018,87,1900,.067,2.381,.122,.029,.019,12.98
401,2018,87,2000,.067,2.287,.122,.028,.019,12.93
401,2018,87,2100,.067,2.241,.123,.029,.019,12.88
401,2018,87,2200,.067,2.178,.123,.03,.019,12.84
401,2018,87,2300,.066,2.085,.122,.029,.019,12.8
401,2018,87,2400,.066,2.028,.123,.029,.019,12.74
424,2018,87,2400,.066,2.242,.122,.028,.018,12.74
401,2018,88,100,.066,2.046,.123,.029,.019,12.68
401,2018,88,200,.067,2.09,.123,.029,.019,12.65
401,2018,88,300,.067,2.115,.123,.029,.019,12.62
401,2018,88,400,.067,2.101,.123,.029,.019,12.59
401,2018,88,500,.067,2.07,.123,.029,.019,12.57
401,2018,88,600,.067,2.038,.123,.029,.019,12.55
401,2018,88,700,.067,2.016,.123,.029,.019,12.55
401,2018,88,800,.067,2.015,.123,.029,.019,14.04
401,2018,88,900,.067,2.03,.123,.029,.019,13.56
401,2018,88,1000,.067,2.076,.123,.03,.02,13.73
401,2018,88,1100,.067,2.23,.124,.034,.022,14.02
401,2018,88,1200,.067,2.205,.124,.173,.633,13.92
401,2018,88,1300,.067,2.208,.124,.467,1.985,13.9
401,2018,88,1400,.067,2.269,.124,.468,1.997,13.83
401,2018,88,1500,.068,2.386,.124,.465,1.973,13.81
401,2018,88,1600,.068,2.456,.124,.465,1.968,13.82
401,2018,88,1700,.068,2.538,.124,.464,1.963,13.7
401,2018,88,1800,.068,2.578,.124,.464,1.958,13.15
401,2018,88,1900,.068,2.548,.124,.463,1.951,13.06
401,2018,88,2000,.069,2.476,.125,.463,1.954,13.01
401,2018,88,2100,.069,2.395,.126,.463,1.951,12.96
401,2018,88,2200,.068,2.328,.125,.462,1.936,12.91
401,2018,88,2300,.068,2.272,.125,.461,1.93,12.85
401,2018,88,2400,.068,2.224,.125,.461,1.934,12.8
424,2018,88,2400,.067,2.238,.124,.253,1.014,12.8
401,2018,89,100,.068,2.184,.125,.462,1.942,12.76
401,2018,89,200,.068,2.142,.126,.463,1.945,12.72
401,2018,89,300,.068,2.105,.126,.463,1.947,12.67
401,2018,89,400,.068,2.088,.126,.463,1.95,12.63
401,2018,89,500,.068,2.065,.126,.463,1.949,12.6
401,2018,89,600,.068,2.05,.126,.463,1.949,12.58
401,2018,89,700,.068,2.05,.126,.463,1.951,12.61
401,2018,89,800,.068,2.054,.126,.465,1.969,13.9
401,2018,89,900,.069,2.078,.127,.466,1.976,13.38
401,2018,89,1000,.069,2.127,.126,.466,1.977,13.5
401,2018,89,1100,.069,2.298,.127,.471,2.033,13.89
401,2018,89,1200,.069,2.164,.126,.375,1.19,13.77
401,2018,89,1300,.069,2.233,.127,.071,.05,13.77
401,2018,89,1400,.07,2.3,.127,.073,.052,13.74
401,2018,89,1500,.07,2.41,.128,.07,.05,13.7
401,2018,89,1600,.07,2.491,.128,.083,.063,13.68
401,2018,89,1700,.071,2.552,.128,.081,.061,13.49
401,2018,89,1800,.071,2.64,.129,.079,.059,13.15
401,2018,89,1900,.071,2.595,.128,.079,.058,13.08
401,2018,89,2000,.07,2.512,.128,.078,.058,13
401,2018,89,2100,.071,2.429,.129,.078,.057,12.98
401,2018,89,2200,.071,2.361,.129,.078,.057,12.94
401,2018,89,2300,.071,2.304,.129,.079,.058,12.9
401,2018,89,2400,.071,2.267,.129,.079,.059,12.86
424,2018,89,2400,.071,2.459,.129,.079,.059,12.86
401,2018,90,100,.071,2.242,.13,.079,.059,12.83
401,2018,90,200,.071,2.216,.13,.08,.06,12.79
401,2018,90,300,.071,2.207,.131,.081,.06,12.75
401,2018,90,400,.071,2.189,.131,.081,.061,12.71
401,2018,90,500,.072,2.18,.132,.081,.061,12.69
401,2018,90,600,.072,2.173,.132,.081,.061,12.66
401,2018,90,700,.072,2.167,.133,.082,.062,12.68
401,2018,90,800,.073,2.166,.134,.083,.063,13.76
401,2018,90,900,.073,2.187,.135,.086,.066,13.39
401,2018,90,1000,.074,2.251,.136,.087,.068,13.67
401,2018,90,1100,.075,2.437,.137,.093,.075,13.81
401,2018,90,1200,.075,2.414,.137,.098,.081,13.75
401,2018,90,1300,.075,2.399,.137,.094,.076,13.74
401,2018,90,1400,.075,2.506,.137,.097,.08,13.68
401,2018,90,1500,.076,2.591,.137,.094,.077,13.7
401,2018,90,1600,.076,2.624,.138,.097,.08,13.71
401,2018,90,1700,.076,2.638,.137,.098,.082,13.78
401,2018,90,1800,.075,2.611,.136,.098,.082,13.16
401,2018,90,1900,.076,2.537,.137,.099,.083,13.08
401,2018,90,2000,.075,2.449,.137,.101,.085,13.03
401,2018,90,2100,.076,2.385,.138,.102,.087,12.99
401,2018,90,2200,.076,2.345,.14,.103,.088,12.96
401,2018,90,2300,.077,2.325,.141,.103,.089,12.93
401,2018,90,2400,.078,2.306,.142,.104,.09,12.9
424,2018,90,2400,.074,2.356,.136,.092,.074,12.9
401,2018,91,100,.078,2.292,.143,.106,.092,12.87
401,2018,91,200,.079,2.28,.145,.108,.095,12.84
401,2018,91,300,.08,2.268,.146,.109,.097,12.8
401,2018,91,400,.081,2.263,.148,.109,.098,12.77
401,2018,91,500,.081,2.264,.149,.111,.099,12.74
401,2018,91,600,.082,2.26,.15,.111,.1,12.71
401,2018,91,700,.083,2.259,.153,.113,.102,12.77
401,2018,91,800,.084,2.286,.153,.116,.108,13.43
401,2018,91,900,.084,2.356,.154,.118,.11,13.74
401,2018,91,1000,.084,2.452,.153,.12,.115,13.81
401,2018,91,1100,.084,2.573,.152,.123,.12,13.77
401,2018,91,1200,.084,2.624,.152,.129,.13,13.74
401,2018,91,1300,.084,2.653,.152,.13,.131,13.72
401,2018,91,1400,.084,2.735,.151,.132,.135,13.69
401,2018,91,1500,.084,2.794,.151,.13,.132,13.67
401,2018,91,1600,.084,2.811,.151,.133,.137,13.71
401,2018,91,1700,.084,2.781,.151,.135,.141,13.77
401,2018,91,1800,.084,2.683,.151,.136,.142,13.16
401,2018,91,1900,.084,2.566,.152,.136,.143,13.07
401,2018,91,2000,.085,2.467,.154,.138,.148,13.03
401,2018,91,2100,.085,2.402,.155,.142,.154,12.99
401,2018,91,2200,.085,2.359,.155,.143,.156,12.96
401,2018,91,2300,.085,2.33,.155,.144,.158,12.92
401,2018,91,2400,.085,2.314,.156,.145,.161,12.89
424,2018,91,2400,.083,2.461,.151,.126,.125,12.89
401,2018,92,100,.086,2.302,.157,.147,.164,12.86
401,2018,92,200,.086,2.275,.158,.149,.17,12.82
401,2018,92,300,.086,2.259,.159,.151,.173,12.79
401,2018,92,400,.086,2.25,.159,.153,.177,12.75
401,2018,92,500,.087,2.245,.159,.155,.182,12.72
401,2018,92,600,.087,2.238,.16,.156,.185,12.69
401,2018,92,700,.086,2.22,.158,.157,.187,12.69
401,2018,92,800,.086,2.218,.158,.16,.193,13.77
401,2018,92,900,.086,2.247,.159,.162,.199,13.32
401,2018,92,1000,.087,2.325,.159,.165,.205,13.33
401,2018,92,1100,.086,2.447,.157,.172,.222,13.77
401,2018,92,1200,.086,2.429,.157,.178,.238,13.72
401,2018,92,1300,.085,2.401,.156,.173,.224,13.7
401,2018,92,1400,.085,2.535,.155,.176,.231,13.67
401,2018,92,1500,.084,2.571,.153,.175,.229,13.65
401,2018,92,1600,.083,2.598,.151,.179,.241,13.51
401,2018,92,1700,.082,2.471,.148,.18,.243,13.25
401,2018,92,1800,.081,2.317,.148,.182,.249,13.1
401,2018,92,1900,.081,2.237,.148,.184,.254,13.04
401,2018,92,2000,.08,2.187,.147,.185,.257,13
401,2018,92,2100,.08,2.164,.147,.186,.259,12.96
401,2018,92,2200,.08,2.131,.148,.19,.272,12.92
401,2018,92,2300,.081,2.098,.149,.192,.275,12.88
401,2018,92,2400,.082,2.055,.151,.194,.283,12.84
424,2018,92,2400,.084,2.301,.154,.171,.221,12.84
401,2018,93,100,.081,1.966,.151,.198,.296,12.78
401,2018,93,200,.081,1.807,.151,.202,.307,12.75
401,2018,93,300,.08,1.723,.15,.204,.312,12.72
401,2018,93,400,.08,1.868,.149,.206,.318,12.69
401,2018,93,500,.079,1.924,.147,.207,.322,12.65
401,2018,93,600,.079,1.92,.146,.208,.325,12.63
401,2018,93,700,.078,1.921,.145,.209,.33,12.61
401,2018,93,800,.077,1.922,.144,.211,.335,13.65
401,2018,93,900,.077,1.929,.143,.212,.339,13.61
401,2018,93,1000,.076,1.98,.142,.214,.345,13.7
401,2018,93,1100,.076,2.06,.141,.219,.363,13.99
401,2018,93,1200,.076,2.099,.14,.225,.384,13.91
401,2018,93,1300,.076,2.096,.139,.22,.367,13.88
401,2018,93,1400,.076,2.224,.139,.22,.366,13.84
401,2018,93,1500,.075,2.27,.138,.217,.357,13.81
401,2018,93,1600,.075,2.322,.138,.217,.357,13.82
401,2018,93,1700,.075,2.311,.137,.217,.356,13.85
401,2018,93,1800,.074,2.219,.137,.215,.349,13.14
401,2018,93,1900,.074,2.156,.136,.215,.348,13.05
401,2018,93,2000,.074,2.132,.136,.214,.345,13
401,2018,93,2100,.074,2.125,.136,.213,.343,12.94
401,2018,93,2200,.074,2.123,.136,.214,.347,12.9
401,2018,93,2300,.074,2.129,.137,.217,.355,12.87
401,2018,93,2400,.074,2.148,.137,.218,.359,12.84
424,2018,93,2400,.076,2.057,.141,.213,.343,12.84
401,2018,94,100,.074,2.156,.137,.218,.36,12.81
401,2018,94,200,.074,2.161,.137,.218,.36,12.77
401,2018,94,300,.074,2.161,.136,.219,.361,12.72
401,2018,94,400,.074,2.152,.136,.219,.361,12.68
401,2018,94,500,.074,2.14,.135,.219,.363,12.64
401,2018,94,600,.073,2.135,.135,.22,.366,12.62
401,2018,94,700,.073,2.141,.134,.222,.372,12.73
401,2018,94,800,.073,2.176,.134,.224,.38,13.74
401,2018,94,900,.073,2.183,.133,.225,.382,13.61
401,2018,94,1000,.072,2.22,.133,.225,.384,13.88
401,2018,94,1100,.072,2.292,.133,.231,.406,13.85
401,2018,94,1200,.072,2.352,.132,.236,.422,13.77
401,2018,94,1300,.072,2.414,.132,.23,.4,13.75
401,2018,94,1400,.072,2.443,.131,.228,.396,13.78
401,2018,94,1500,.072,2.451,.131,.227,.391,13.8
401,2018,94,1600,.072,2.446,.131,.226,.387,13.81
401,2018,94,1700,.072,2.432,.131,.224,.378,13.52
401,2018,94,1800,.071,2.373,.13,.223,.376,13.14
401,2018,94,1900,.071,2.336,.13,.222,.372,13.07
401,2018,94,2000,.071,2.314,.13,.222,.373,13.02
401,2018,94,2100,.071,2.293,.13,.222,.373,12.98
401,2018,94,2200,.071,2.269,.13,.221,.371,12.94
401,2018,94,2300,.071,2.259,.13,.221,.369,12.9
401,2018,94,2400,.071,2.246,.13,.22,.366,12.86
424,2018,94,2400,.072,2.273,.133,.223,.378,12.86
401,2018,95,100,.07,2.234,.129,.22,.367,12.82
401,2018,95,200,.07,2.231,.129,.22,.367,12.79
401,2018,95,300,.07,2.228,.129,.22,.366,12.74
401,2018,95,400,.07,2.223,.129,.221,.368,12.71
401,2018,95,500,.07,2.223,.128,.221,.369,12.68
401,2018,95,600,.07,2.222,.128,.221,.369,12.65
401,2018,95,700,.07,2.22,.128,.222,.371,12.7
401,2018,95,800,.069,2.235,.128,.224,.381,13.97
401,2018,95,900,.069,2.256,.127,.224,.379,13.65
401,2018,95,1000,.069,2.308,.127,.224,.378,13.89
401,2018,95,1100,.069,2.394,.127,.227,.39,13.81
401,2018,95,1200,.069,2.457,.126,.227,.391,13.79
401,2018,95,1300,.069,2.495,.126,.228,.394,13.76
401,2018,95,1400,.069,2.541,.125,.225,.384,13.75
401,2018,95,1500,.069,2.551,.125,.223,.377,13.79
401,2018,95,1600,.069,2.514,.125,.223,.375,13.89
401,2018,95,1700,.069,2.45,.125,.222,.371,13.93
401,2018,95,1800,.068,2.411,.125,.22,.365,13.13
401,2018,95,1900,.068,2.367,.125,.218,.359,13.06
401,2018,95,2000,.068,2.343,.125,.218,.358,13.02
401,2018,95,2100,.068,2.326,.125,.218,.359,12.99
401,2018,95,2200,.068,2.319,.125,.218,.36,12.96
401,2018,95,2300,.068,2.315,.125,.219,.361,12.92
401,2018,95,2400,.068,2.307,.125,.219,.362,12.9
424,2018,95,2400,.069,2.34,.126,.222,.372,12.9
401,2018,96,100,.068,2.292,.125,.219,.363,12.86
401,2018,96,200,.068,2.295,.125,.219,.363,12.84
401,2018,96,300,.068,2.286,.125,.22,.364,12.8
401,2018,96,400,.068,2.267,.125,.221,.368,12.76
401,2018,96,500,.068,2.266,.124,.222,.371,12.73
401,2018,96,600,.068,2.254,.124,.223,.374,12.72
401,2018,96,700,.067,2.238,.123,.223,.375,12.72
401,2018,96,800,.067,2.237,.123,.223,.376,13.09
401,2018,96,900,.067,2.261,.122,.224,.38,13.76
401,2018,96,1000,.067,2.323,.122,.227,.39,13.83
401,2018,96,1100,.067,2.379,.122,.229,.397,13.77
401,2018,96,1200,.066,2.423,.121,.228,.396,13.81
401,2018,96,1300,.066,2.394,.121,.226,.388,13.79
401,2018,96,1400,.066,2.442,.121,.225,.384,13.83
401,2018,96,1500,.066,2.383,.121,.223,.377,13.32
401,2018,96,1600,.066,2.329,.121,.222,.373,13.18
401,2018,96,1700,.066,2.317,.121,.222,.371,13.12
401,2018,96,1800,.066,2.282,.121,.221,.37,13.05
401,2018,96,1900,.066,2.252,.121,.219,.363,13
401,2018,96,2000,.066,2.261,.121,.218,.359,12.96
401,2018,96,2100,.066,2.266,.122,.218,.358,12.93
401,2018,96,2200,.066,2.273,.122,.218,.357,12.9
401,2018,96,2300,.066,2.236,.122,.217,.356,12.86
401,2018,96,2400,.066,2.131,.122,.217,.355,12.81
424,2018,96,2400,.067,2.295,.122,.222,.372,12.81
401,2018,97,100,.066,2.091,.122,.216,.353,12.77
401,2018,97,200,.066,2.093,.122,.216,.352,12.74
401,2018,97,300,.066,2.175,.122,.216,.351,12.72
401,2018,97,400,.066,2.222,.122,.215,.349,12.71
401,2018,97,500,.067,2.236,.122,.214,.346,12.7
401,2018,97,600,.067,2.255,.122,.213,.342,12.69
401,2018,97,700,.067,2.268,.122,.212,.339,12.7
401,2018,97,800,.067,2.33,.122,.212,.339,13.42
401,2018,97,900,.067,2.42,.122,.212,.34,13.85
401,2018,97,1000,.067,2.477,.122,.213,.341,13.79
401,2018,97,1100,.067,2.523,.122,.213,.34,13.78
401,2018,97,1200,.067,2.548,.122,.212,.338,13.8
401,2018,97,1300,.067,2.549,.122,.211,.335,13.82
401,2018,97,1400,.067,2.519,.122,.212,.339,13.77
401,2018,97,1500,.067,2.549,.121,.214,.346,13.76
401,2018,97,1600,.066,2.478,.12,.216,.353,13.36
401,2018,97,1700,.065,2.369,.118,.218,.36,13.15
401,2018,97,1800,.063,2.263,.116,.224,.379,13.08
401,2018,97,1900,.062,2.143,.115,.23,.401,13.06
401,2018,97,2000,.062,2.062,.114,.237,.429,13.02
401,2018,97,2100,.06,1.98,.112,.247,.468,12.98
401,2018,97,2200,.058,1.855,.109,.264,.54,12.96
401,2018,97,2300,.057,1.583,.106,.273,.582,12.92
401,2018,97,2400,.056,1.413,.107,.279,.608,12.9
424,2018,97,2400,.065,2.225,.119,.225,.386,12.9
401,2018,98,100,.056,1.574,.106,.287,.647,12.86
401,2018,98,200,.055,1.54,.104,.294,.684,12.83
401,2018,98,300,.055,1.551,.103,.303,.729,12.8
401,2018,98,400,.054,1.519,.101,.309,.766,12.77
401,2018,98,500,.053,1.512,.1,.316,.802,12.74
401,2018,98,600,.053,1.333,.1,.321,.833,12.72
401,2018,98,700,.052,1.222,.1,.326,.864,12.71
401,2018,98,800,.053,1.415,.1,.331,.893,12.98
401,2018,98,900,.053,1.522,.1,.335,.913,13.84
401,2018,98,1000,.053,1.57,.1,.338,.936,13.85
401,2018,98,1100,.053,1.618,.1,.341,.957,13.83
401,2018,98,1200,.053,1.63,.1,.348,.998,13.82
401,2018,98,1300,.053,1.607,.1,.344,.971,13.82
401,2018,98,1400,.053,1.716,.1,.343,.968,13.82
401,2018,98,1500,.053,1.74,.1,.339,.943,13.83
401,2018,98,1600,.053,1.742,.1,.339,.938,13.85
401,2018,98,1700,.053,1.767,.1,.337,.927,13.87
401,2018,98,1800,.054,1.74,.1,.334,.91,13.14
401,2018,98,1900,.054,1.733,.1,.334,.909,13.07
401,2018,98,2000,.054,1.739,.101,.334,.91,13.02
401,2018,98,2100,.054,1.75,.101,.334,.91,12.99
401,2018,98,2200,.054,1.767,.101,.334,.908,12.95
401,2018,98,2300,.054,1.786,.101,.333,.905,12.92
401,2018,98,2400,.054,1.805,.102,.334,.909,12.89
424,2018,98,2400,.054,1.621,.101,.329,.88,12.89
401,2018,99,100,.055,1.829,.102,.335,.918,12.85
401,2018,99,200,.055,1.849,.102,.336,.922,12.83
401,2018,99,300,.055,1.864,.102,.336,.922,12.8
401,2018,99,400,.055,1.893,.103,.336,.921,12.74
401,2018,99,500,.055,1.907,.103,.336,.922,12.72
401,2018,99,600,.055,1.93,.103,.335,.918,12.68
401,2018,99,700,.055,1.948,.103,.335,.916,12.77
401,2018,99,800,.056,1.97,.103,.335,.917,13.1
401,2018,99,900,.056,2.016,.103,.335,.914,13.25
401,2018,99,1000,.056,2.039,.103,.336,.921,13.59
401,2018,99,1100,.056,2.106,.103,.341,.956,13.95
401,2018,99,1200,.056,2.145,.104,.349,1.004,13.88
401,2018,99,1300,.057,2.153,.104,.342,.962,13.83
401,2018,99,1400,.057,2.32,.104,.341,.957,13.8
401,2018,99,1500,.057,2.347,.105,.336,.92,13.76
401,2018,99,1600,.058,2.381,.105,.337,.928,13.73
401,2018,99,1700,.058,2.323,.105,.335,.916,13.75
401,2018,99,1800,.058,2.248,.106,.327,.866,13.16
401,2018,99,1900,.058,2.206,.106,.322,.838,13.08
401,2018,99,2000,.058,2.199,.107,.322,.836,13.01
401,2018,99,2100,.058,2.198,.107,.321,.832,12.96
401,2018,99,2200,.058,2.204,.107,.32,.825,12.93
401,2018,99,2300,.059,2.213,.108,.319,.819,12.88
401,2018,99,2400,.059,2.216,.108,.318,.816,12.85
424,2018,99,2400,.057,2.104,.104,.333,.903,12.85
401,2018,100,100,.059,2.216,.108,.318,.817,12.8
401,2018,100,200,.059,2.217,.108,.318,.817,12.76
401,2018,100,300,.059,2.224,.109,.319,.817,12.72
401,2018,100,400,.059,2.226,.109,.318,.817,12.68
401,2018,100,500,.059,2.233,.109,.319,.817,12.65
401,2018,100,600,.059,2.239,.109,.319,.817,12.62
401,2018,100,700,.059,2.247,.109,.318,.816,12.65
401,2018,100,800,.059,2.263,.109,.319,.818,13.83
401,2018,100,900,.059,2.278,.109,.319,.821,13.67
401,2018,100,1000,.06,2.328,.109,.32,.827,13.67
401,2018,100,1100,.06,2.403,.109,.328,.871,13.8
401,2018,100,1200,.06,2.453,.109,.335,.916,13.72
401,2018,100,1300,.06,2.48,.109,.328,.876,13.69
401,2018,100,1400,.06,2.616,.109,.329,.88,13.65
401,2018,100,1500,.06,2.611,.109,.323,.845,13.62
401,2018,100,1600,.06,2.583,.109,.321,.829,13.71
401,2018,100,1700,.06,2.484,.109,.317,.81,13.41
401,2018,100,1800,.06,2.426,.109,.316,.8,13.14
401,2018,100,1900,.059,2.377,.109,.316,.802,13.08
401,2018,100,2000,.059,2.337,.108,.317,.808,13.03
401,2018,100,2100,.059,2.293,.108,.321,.831,12.99
401,2018,100,2200,.059,2.253,.107,.323,.846,12.96
401,2018,100,2300,.058,2.215,.106,.328,.875,12.93
401,2018,100,2400,.057,2.181,.105,.333,.906,12.9
424,2018,100,2400,.059,2.341,.108,.322,.837,12.9
401,2018,101,100,.057,2.153,.104,.334,.911,12.87
401,2018,101,200,.056,2.132,.103,.337,.927,12.84
401,2018,101,300,.055,2.116,.102,.34,.95,12.8
401,2018,101,400,.055,2.101,.101,.343,.968,12.78
401,2018,101,500,.055,2.104,.101,.345,.978,12.75
401,2018,101,600,.054,2.112,.1,.344,.975,12.74
401,2018,101,700,.054,2.13,.1,.345,.979,12.86
401,2018,101,800,.054,2.16,.1,.346,.989,13.38
401,2018,101,900,.055,2.211,.1,.347,.991,13.76
401,2018,101,1000,.055,2.269,.101,.346,.989,13.72
401,2018,101,1100,.055,2.325,.101,.346,.984,13.68
401,2018,101,1200,.056,2.374,.101,.353,1.033,13.66
401,2018,101,1300,.056,2.361,.102,.346,.988,13.66
401,2018,101,1400,.056,2.507,.101,.348,1.001,13.64
401,2018,101,1500,.055,2.478,.101,.346,.988,13.62
401,2018,101,1600,.054,2.44,.099,.357,1.058,13.61
401,2018,101,1700,.053,2.28,.098,.363,1.104,13.52
401,2018,101,1800,.052,2.083,.095,.374,1.178,13.16
401,2018,101,1900,.05,1.939,.093,.39,1.301,13.09
401,2018,101,2000,.048,1.835,.09,.404,1.413,13.04
401,2018,101,2100,.047,1.772,.088,.415,1.507,13.02
401,2018,101,2200,.047,1.75,.087,.42,1.544,12.98
401,2018,101,2300,.046,1.733,.087,.421,1.557,12.96
401,2018,101,2400,.046,1.733,.086,.421,1.558,12.94
424,2018,101,2400,.053,2.129,.098,.364,1.12,12.94
401,2018,102,100,.046,1.745,.087,.42,1.544,12.91
401,2018,102,200,.047,1.775,.087,.415,1.505,12.89
401,2018,102,300,.047,1.808,.088,.41,1.462,12.85
401,2018,102,400,.048,1.831,.089,.403,1.406,12.81
401,2018,102,500,.048,1.851,.09,.401,1.386,12.77
401,2018,102,600,.049,1.875,.091,.398,1.36,12.75
401,2018,102,700,.049,1.906,.091,.395,1.337,12.85
401,2018,102,800,.05,1.961,.092,.392,1.316,13.48
401,2018,102,900,.05,2.004,.093,.391,1.307,13.65
401,2018,102,1000,.05,2.026,.093,.39,1.302,13.78
401,2018,102,1100,.05,2.12,.093,.389,1.289,13.77
401,2018,102,1200,.051,2.167,.093,.387,1.279,13.76
401,2018,102,1300,.051,2.179,.094,.385,1.259,13.77
401,2018,102,1400,.051,2.207,.094,.381,1.23,13.81
401,2018,102,1500,.052,2.178,.095,.375,1.189,13.83
401,2018,102,1600,.052,2.155,.095,.372,1.167,13.28
401,2018,102,1700,.052,2.145,.096,.368,1.138,13.21
401,2018,102,1800,.052,2.144,.096,.366,1.125,13.08
401,2018,102,1900,.053,2.155,.097,.361,1.089,13.02
401,2018,102,2000,.053,2.092,.098,.361,1.089,12.98
401,2018,102,2100,.053,2.109,.098,.357,1.059,12.94
401,2018,102,2200,.053,2.071,.099,.355,1.046,12.9
401,2018,102,2300,.053,1.988,.099,.352,1.028,12.86
401,2018,102,2400,.054,2.117,.1,.35,1.013,12.82
424,2018,102,2400,.051,2.025,.094,.382,1.247,12.82
401,2018,103,100,.054,2.096,.1,.349,1.009,12.78
401,2018,103,200,.054,1.906,.1,.349,1.003,12.72
401,2018,103,300,.054,2.097,.1,.346,.989,12.67
401,2018,103,400,.055,2.152,.101,.346,.984,12.64
401,2018,103,500,.055,2.177,.101,.343,.968,12.61
401,2018,103,600,.055,2.166,.101,.343,.966,12.59
401,2018,103,700,.054,1.986,.101,.341,.952,12.71
401,2018,103,800,.055,2.194,.102,.337,.931,13.16
401,2018,103,900,.055,2.223,.102,.336,.925,13.96
401,2018,103,1000,.056,2.269,.102,.336,.923,14.2
401,2018,103,1100,.056,2.295,.102,.335,.915,14.18
401,2018,103,1200,.056,2.312,.102,.334,.912,14.14
401,2018,103,1300,.056,2.334,.102,.335,.915,14.15
401,2018,103,1400,.056,2.358,.103,.329,.88,14.15
401,2018,103,1500,.057,2.342,.103,.326,.863,14.21
401,2018,103,1600,.057,2.351,.104,.325,.854,13.75
401,2018,103,1700,.057,2.314,.104,.323,.842,13.44
401,2018,103,1800,.057,2.323,.104,.32,.825,13.05
401,2018,103,1900,.057,2.301,.104,.319,.818,12.98
401,2018,103,2000,.057,2.32,.105,.318,.813,12.92
401,2018,103,2100,.057,2.303,.105,.317,.81,12.88
401,2018,103,2200,.057,2.299,.105,.313,.784,12.83
401,2018,103,2300,.058,2.315,.105,.311,.774,12.77
401,2018,103,2400,.058,2.362,.106,.309,.766,12.71
424,2018,103,2400,.056,2.241,.103,.331,.892,12.71
401,2018,104,100,.058,2.375,.106,.309,.762,12.65
401,2018,104,200,.058,2.389,.106,.307,.753,12.62
401,2018,104,300,.058,2.391,.106,.305,.74,12.6
401,2018,104,400,.058,2.403,.107,.304,.733,12.59
401,2018,104,500,.058,2.396,.107,.303,.729,12.58
401,2018,104,600,.059,2.409,.107,.299,.709,12.57
401,2018,104,700,.059,2.432,.107,.297,.699,12.66
401,2018,104,800,.059,2.5,.107,.297,.699,14.19
401,2018,104,900,.059,2.507,.107,.296,.692,14.04
401,2018,104,1000,.059,2.496,.107,.294,.682,13.92
401,2018,104,1100,.059,2.579,.108,.296,.695,14.04
401,2018,104,1200,.06,2.655,.108,.299,.707,13.98
401,2018,104,1300,.06,2.667,.108,.295,.687,13.94
401,2018,104,1400,.06,2.853,.108,.294,.685,13.87
401,2018,104,1500,.06,2.904,.108,.291,.667,13.82
401,2018,104,1600,.06,2.917,.108,.291,.666,13.82
401,2018,104,1700,.06,2.788,.108,.288,.65,13.84
401,2018,104,1800,.06,2.685,.108,.283,.63,13.17
401,2018,104,1900,.06,2.572,.108,.279,.61,13.08
401,2018,104,2000,.06,2.531,.108,.278,.605,13.02
401,2018,104,2100,.06,2.512,.108,.275,.591,12.97
401,2018,104,2200,.06,2.499,.108,.275,.589,12.92
401,2018,104,2300,.06,2.49,.109,.274,.586,12.9
401,2018,104,2400,.06,2.482,.109,.273,.58,12.86
424,2018,104,2400,.059,2.56,.108,.292,.673,12.86
401,2018,105,100,.06,2.479,.109,.27,.565,12.82
401,2018,105,200,.06,2.475,.109,.269,.562,12.79
401,2018,105,300,.06,2.476,.109,.268,.558,12.75
401,2018,105,400,.06,2.473,.109,.268,.555,12.72
401,2018,105,500,.06,2.471,.109,.266,.547,12.69
401,2018,105,600,.06,2.474,.11,.263,.535,12.64
401,2018,105,700,.06,2.497,.11,.262,.53,12.7
401,2018,105,800,.06,2.533,.11,.262,.532,13.86
401,2018,105,900,.061,2.573,.11,.262,.531,13.92
401,2018,105,1000,.061,2.623,.11,.262,.531,13.59
401,2018,105,1100,.061,2.7,.11,.264,.539,13.83
401,2018,105,1200,.061,2.803,.11,.267,.551,13.79
401,2018,105,1300,.061,2.839,.11,.266,.548,13.77
401,2018,105,1400,.061,3.025,.11,.265,.545,13.72
401,2018,105,1500,.061,3.062,.109,.261,.527,13.72
401,2018,105,1600,.06,2.917,.108,.263,.537,13.75
401,2018,105,1700,.059,2.78,.107,.266,.546,13.44
401,2018,105,1800,.059,2.665,.106,.265,.544,13.16
401,2018,105,1900,.058,2.579,.105,.265,.543,13.09
401,2018,105,2000,.058,2.528,.105,.265,.544,13.04
401,2018,105,2100,.058,2.489,.105,.265,.542,13.01
401,2018,105,2200,.058,2.462,.106,.265,.545,12.98
401,2018,105,2300,.058,2.441,.106,.265,.546,12.95
401,2018,105,2400,.058,2.424,.106,.266,.546,12.92
424,2018,105,2400,.06,2.616,.108,.265,.544,12.92
401,2018,106,100,.058,2.421,.105,.266,.547,12.9
401,2018,106,200,.057,2.412,.105,.266,.548,12.88
401,2018,106,300,.057,2.403,.104,.266,.548,12.85
401,2018,106,400,.057,2.407,.104,.266,.547,12.82
401,2018,106,500,.057,2.413,.104,.266,.547,12.78
401,2018,106,600,.057,2.417,.104,.266,.547,12.75
401,2018,106,700,.057,2.446,.104,.266,.547,13.16
401,2018,106,800,.057,2.499,.104,.266,.55,13.17
401,2018,106,900,.057,2.527,.104,.266,.548,13.52
401,2018,106,1000,.057,2.548,.104,.266,.548,13.89
401,2018,106,1100,.057,2.633,.104,.267,.553,13.74
401,2018,106,1200,.058,2.716,.104,.267,.552,13.77
401,2018,106,1300,.057,2.718,.104,.267,.551,13.77
401,2018,106,1400,.058,2.752,.104,.266,.55,13.76
401,2018,106,1500,.058,2.731,.104,.265,.542,13.82
401,2018,106,1600,.058,2.652,.104,.261,.527,13.84
401,2018,106,1700,.058,2.64,.105,.26,.523,13.63
401,2018,106,1800,.058,2.619,.105,.26,.522,13.16
401,2018,106,1900,.058,2.56,.105,.258,.514,13.08
401,2018,106,2000,.058,2.524,.105,.256,.504,13.04
401,2018,106,2100,.058,2.475,.105,.255,.498,13
401,2018,106,2200,.058,2.424,.105,.254,.495,12.96
401,2018,106,2300,.058,2.481,.105,.253,.491,12.93
401,2018,106,2400,.058,2.503,.106,.252,.486,12.9
424,2018,106,2400,.057,2.538,.104,.262,.533,12.9
401,2018,107,100,.058,2.503,.106,.25,.48,12.87
401,2018,107,200,.058,2.476,.106,.25,.477,12.84
401,2018,107,300,.058,2.446,.106,.249,.477,12.8
401,2018,107,400,.058,2.433,.106,.249,.476,12.76
401,2018,107,500,.058,2.425,.106,.249,.475,12.73
401,2018,107,600,.058,2.413,.106,.248,.472,12.71
401,2018,107,700,.058,2.378,.106,.248,.47,12.75
401,2018,107,800,.058,2.336,.106,.248,.472,13.68
401,2018,107,900,.058,2.213,.106,.248,.47,13.91
401,2018,107,1000,.058,2.222,.106,.247,.468,13.95
401,2018,107,1100,.058,2.366,.106,.247,.467,13.91
401,2018,107,1200,.059,2.617,.107,.248,.471,13.9
401,2018,107,1300,.059,2.685,.107,.245,.46,13.92
401,2018,107,1400,.059,2.695,.107,.242,.446,14.04
401,2018,107,1500,.059,2.561,.107,.24,.44,13.76
401,2018,107,1600,.059,2.562,.107,.24,.439,14.03
401,2018,107,1700,.059,2.608,.107,.239,.436,14.06
401,2018,107,1800,.059,2.518,.108,.237,.426,13.15
401,2018,107,1900,.059,2.425,.108,.235,.421,13.04
401,2018,107,2000,.059,2.376,.108,.234,.417,12.99
401,2018,107,2100,.059,2.38,.108,.233,.412,12.94
401,2018,107,2200,.059,2.374,.108,.231,.405,12.89
401,2018,107,2300,.059,2.357,.108,.23,.402,12.85
401,2018,107,2400,.059,2.333,.108,.23,.4,12.81
424,2018,107,2400,.059,2.446,.107,.242,.449,12.81
401,2018,108,100,.059,2.318,.109,.229,.398,12.77
401,2018,108,200,.059,2.314,.109,.229,.397,12.73
401,2018,108,300,.059,2.3,.109,.228,.395,12.68
401,2018,108,400,.059,2.277,.109,.226,.389,12.63
401,2018,108,500,.059,2.253,.109,.226,.388,12.58
401,2018,108,600,.059,2.245,.109,.226,.385,12.55
401,2018,108,700,.059,2.251,.109,.225,.384,12.61
401,2018,108,800,.06,2.291,.109,.226,.388,14.11
401,2018,108,900,.06,2.358,.109,.227,.39,14.02
401,2018,108,1000,.06,2.452,.109,.225,.383,13.63
401,2018,108,1100,.06,2.597,.109,.23,.403,13.87
401,2018,108,1200,.061,2.726,.109,.239,.434,13.79
401,2018,108,1300,.061,2.786,.109,.236,.424,13.76
401,2018,108,1400,.061,3.02,.108,.236,.424,13.72
401,2018,108,1500,.06,3.075,.107,.236,.425,13.68
401,2018,108,1600,.059,3.087,.106,.24,.439,13.68
401,2018,108,1700,.058,2.888,.105,.241,.444,13.73
401,2018,108,1800,.057,2.701,.104,.237,.429,13.17
401,2018,108,1900,.057,2.491,.104,.236,.423,13.08
401,2018,108,2000,.057,2.388,.104,.235,.421,13.03
401,2018,108,2100,.057,2.322,.105,.236,.424,12.99
401,2018,108,2200,.057,2.27,.105,.24,.439,12.95
401,2018,108,2300,.057,2.239,.105,.241,.445,12.92
401,2018,108,2400,.057,2.21,.104,.243,.451,12.89
424,2018,108,2400,.059,2.494,.107,.233,.413,12.89
401,2018,109,100,.056,2.187,.104,.245,.458,12.86
401,2018,109,200,.056,2.194,.103,.247,.468,12.84
401,2018,109,300,.056,2.207,.103,.248,.473,12.8
401,2018,109,400,.055,2.196,.102,.249,.475,12.77
401,2018,109,500,.055,2.182,.102,.249,.475,12.74
401,2018,109,600,.055,2.178,.101,.249,.476,12.71
401,2018,109,700,.055,2.187,.101,.249,.476,12.77
401,2018,109,800,.055,2.227,.101,.25,.48,13.52
401,2018,109,900,.055,2.257,.101,.251,.485,13.8
401,2018,109,1000,.055,2.314,.101,.252,.487,13.46
401,2018,109,1100,.056,2.43,.101,.257,.507,13.74
401,2018,109,1200,.056,2.536,.101,.261,.525,13.71
401,2018,109,1300,.055,2.621,.1,.26,.523,13.7
401,2018,109,1400,.055,2.677,.1,.262,.532,13.7
401,2018,109,1500,.054,2.692,.098,.266,.546,13.7
401,2018,109,1600,.053,2.559,.097,.268,.556,13.31
401,2018,109,1700,.052,2.361,.096,.27,.568,13.13
401,2018,109,1800,.052,2.284,.096,.272,.577,13.07
401,2018,109,1900,.052,2.237,.096,.275,.591,13.03
401,2018,109,2000,.052,2.193,.095,.28,.615,13
401,2018,109,2100,.052,2.17,.095,.284,.633,12.96
401,2018,109,2200,.051,2.155,.094,.287,.646,12.93
401,2018,109,2300,.051,2.138,.094,.29,.663,12.9
401,2018,109,2400,.051,2.118,.093,.291,.668,12.85
424,2018,109,2400,.054,2.304,.099,.263,.538,12.85
401,2018,110,100,.05,1.984,.093,.291,.668,12.82
401,2018,110,200,.05,2.08,.093,.291,.669,12.79
401,2018,110,300,.05,2.041,.093,.291,.666,12.75
401,2018,110,400,.05,2.066,.093,.291,.667,12.72
401,2018,110,500,.05,2.001,.093,.29,.664,12.7
401,2018,110,600,.051,2.07,.094,.289,.658,12.68
401,2018,110,700,.051,2.076,.094,.289,.655,12.66
401,2018,110,800,.051,2.089,.095,.289,.656,12.66
401,2018,110,900,.052,2.153,.095,.289,.656,12.73
401,2018,110,1000,.052,2.22,.095,.289,.656,12.73
401,2018,110,1100,.052,2.339,.096,.289,.659,14.04
401,2018,110,1200,.053,2.404,.096,.295,.686,13.88
401,2018,110,1300,.053,2.425,.096,.291,.67,13.86
401,2018,110,1400,.053,2.578,.097,.291,.669,13.86
401,2018,110,1500,.054,2.643,.097,.29,.663,13.82
401,2018,110,1600,.054,2.551,.097,.285,.635,13.6
401,2018,110,1700,.053,2.353,.098,.284,.634,13.8
401,2018,110,1800,.054,2.351,.098,.282,.623,13.16
401,2018,110,1900,.054,2.299,.099,.28,.615,13.05
401,2018,110,2000,.054,2.127,.099,.28,.614,12.99
401,2018,110,2100,.054,2.132,.099,.28,.612,12.95
401,2018,110,2200,.054,2.15,.099,.278,.606,12.91
401,2018,110,2300,.054,2.236,.1,.276,.595,12.87
401,2018,110,2400,.055,2.274,.1,.275,.588,12.83
424,2018,110,2400,.052,2.235,.096,.286,.645,12.83
401,2018,111,100,.055,2.288,.1,.274,.587,12.79
401,2018,111,200,.055,2.311,.101,.274,.587,12.74
401,2018,111,300,.055,2.309,.101,.274,.587,12.69
401,2018,111,400,.055,2.275,.101,.274,.582,12.66
401,2018,111,500,.055,2.307,.102,.271,.571,12.65
401,2018,111,600,.056,2.306,.102,.269,.562,12.64
401,2018,111,700,.055,2.222,.102,.269,.562,12.63
401,2018,111,800,.055,2.185,.102,.268,.558,12.8
401,2018,111,900,.056,2.351,.102,.268,.558,13.76
401,2018,111,1000,.056,2.416,.102,.268,.555,13.85
401,2018,111,1100,.056,2.489,.103,.267,.551,13.95
401,2018,111,1200,.057,2.625,.103,.27,.566,13.86
401,2018,111,1300,.057,2.675,.103,.267,.554,13.87
401,2018,111,1400,.057,2.837,.103,.271,.571,13.79
401,2018,111,1500,.057,2.89,.103,.267,.55,13.82
401,2018,111,1600,.057,2.774,.103,.265,.545,13.85
401,2018,111,1700,.057,2.691,.103,.263,.536,13.86
401,2018,111,1800,.057,2.635,.104,.261,.526,13.19
401,2018,111,1900,.057,2.523,.104,.258,.512,13.09
401,2018,111,2000,.057,2.483,.104,.256,.505,13.03
401,2018,111,2100,.057,2.462,.104,.255,.502,13
401,2018,111,2200,.057,2.442,.104,.255,.499,12.96
401,2018,111,2300,.057,2.428,.105,.253,.493,12.93
401,2018,111,2400,.057,2.422,.105,.252,.487,12.89
424,2018,111,2400,.056,2.473,.103,.265,.546,12.89
401,2018,112,100,.057,2.415,.105,.251,.485,12.87
401,2018,112,200,.058,2.425,.105,.251,.483,12.84
401,2018,112,300,.058,2.436,.105,.25,.479,12.82
401,2018,112,400,.058,2.426,.105,.25,.478,12.78
401,2018,112,500,.058,2.419,.105,.25,.478,12.75
401,2018,112,600,.058,2.411,.105,.25,.477,12.71
401,2018,112,700,.058,2.418,.106,.249,.474,12.79
401,2018,112,800,.058,2.471,.106,.25,.477,13.8
401,2018,112,900,.058,2.528,.106,.248,.473,13.86
401,2018,112,1000,.059,2.585,.106,.247,.465,13.5
401,2018,112,1100,.059,2.704,.106,.253,.491,13.76
401,2018,112,1200,.059,2.814,.106,.261,.525,13.73
401,2018,112,1300,.059,2.858,.106,.258,.512,13.71
401,2018,112,1400,.059,3.032,.105,.257,.51,13.67
401,2018,112,1500,.058,2.99,.104,.256,.505,13.67
401,2018,112,1600,.057,2.88,.103,.255,.5,13.23
401,2018,112,1700,.056,2.612,.102,.258,.511,13.62
401,2018,112,1800,.056,2.574,.101,.26,.522,13.17
401,2018,112,1900,.055,2.496,.1,.262,.53,13.07
401,2018,112,2000,.055,2.406,.1,.266,.547,13.02
401,2018,112,2100,.054,2.339,.099,.269,.56,12.99
401,2018,112,2200,.054,2.295,.099,.273,.581,12.96
401,2018,112,2300,.053,2.259,.098,.278,.602,12.93
401,2018,112,2400,.053,2.229,.097,.282,.624,12.9
424,2018,112,2400,.057,2.543,.103,.258,.512,12.9
401,2018,113,100,.052,2.202,.096,.286,.643,12.88
401,2018,113,200,.052,2.189,.096,.289,.655,12.85
401,2018,113,300,.052,2.183,.095,.291,.668,12.82
401,2018,113,400,.052,2.178,.095,.292,.672,12.78
401,2018,113,500,.052,2.179,.095,.293,.676,12.75
401,2018,113,600,.052,2.181,.095,.293,.678,12.72
401,2018,113,700,.052,2.195,.095,.294,.682,12.74
401,2018,113,800,.052,2.236,.096,.297,.699,13.55
401,2018,113,900,.052,2.302,.096,.3,.714,13.77
401,2018,113,1000,.053,2.407,.096,.3,.715,13.76
401,2018,113,1500,.053,2.791,.096,.317,.811,13.58
401,2018,113,1600,.053,2.638,.096,.32,.825,13.68
401,2018,113,1700,.053,2.549,.095,.323,.844,13.27
401,2018,113,1800,.052,2.47,.095,.328,.87,13.15
401,2018,113,1900,.052,2.391,.095,.334,.907,13.08