201,2016,172,100,9.22,0,12.38,36,44.33,4.86,58,2.884,2.141,306.8,41.11,4.997,59,3.012,2.353,288.4,37.9,-.139,-.159,-4.533,-4.891,-2.489,258.6,.105,-.002,4.551,5.599,5.976,6.465,.097,13.07,0,-5.231,-.28,-.114,.201,-.052,.59,10.83,4,13.45,36,39.3,0
201,2016,172,200,8.69,135,10.37,103,48.96,5.271,132,2.944,2.471,298.6,32.45,5.467,131,3.281,3.04,281.1,21.97,-.343,-.293,-4.476,-4.909,-2.91,257,-.159,.009,4.039,5.027,5.342,5.776,.099,13.04,0,-4.937,-.28,-.142,.195,-.046,.59,10.03,133,12.51,146,42.99,0
201,2016,172,300,7.55,227,9.49,216,49.36,5.585,247,3.537,3.368,278.2,17.68,5.565,213,3.782,3.654,267.7,14.9,-.303,-.289,-4.003,-4.671,-2.849,254.7,-.276,.016,4.09,4.988,5.277,5.727,.094,13.04,0,-4.574,-.28,-.16,.187,-.048,.59,9.09,224,10.84,238,44.33,0
203,2016,172,300,7.55,227,12.38,36,49.36,5.585,247,3.121,2.598,292.2,33.15,5.565,213,3.358,2.982,277.6,27.13,-.262,-.247,-4.337,-4.824,-2.75,256.8,-.11,.008,4.227,5.205,5.532,5.989,.094,13.04
201,2016,172,400,7.69,333,9.63,305,47.96,5.526,309,4.251,4.152,282.3,12.35,5.507,321,4.399,4.317,271.3,11.04,-.289,-.295,-3.757,-4.584,-2.753,253.5,-.474,.011,3.621,4.484,4.757,5.196,.096,13.04,0,-4.229,-.281,-.178,.171,-.041,.591,9.16,333,11.24,322,42.86,0
201,2016,172,500,7.96,453,9.37,414,51.71,5.801,429,4.13,4.055,280.7,10.9,5.526,423,4.234,4.175,271.2,9.55,.896,.284,-1.508,-3.878,-.546,250.6,-.75,.013,3.475,4.332,4.602,5.044,.083,13.02,0,-3.808,-.281,-.184,.156,-.042,.591,9.3,435,10.57,449,45.34,0
201,2016,172,600,8.36,500,13.19,550,34.27,5.311,558,2.853,2.691,242,19.29,4.919,558,2.803,2.667,241,17.86,55.91,30.8,95.7,46.77,93.7,254.2,.63,.081,6.575,7.3,7.66,8.14,.07,13.13,0,-3.148,-.257,-.194,.135,-.051,.591,9.77,500,13.65,555,32.73,0
203,2016,172,600,7.69,333,13.19,550,34.27,5.801,429,3.744,3.475,272.1,21.74,5.526,423,3.812,3.626,264.1,17.88,18.84,10.26,30.13,12.77,30.13,252.8,-.198,.035,4.557,5.371,5.672,6.127,.07,13.13
201,2016,172,700,12.78,611,14.58,657,33.93,5.977,608,2.888,2.768,228.9,16.53,5.526,608,2.732,2.617,230.3,16.6,140.9,68.62,303.1,138.7,298.5,255.4,5.277,1.065,10.33,10.65,11.02,11.48,.067,13.22,0,-2.573,.118,-.202,.119,-.053,.591,13.25,612,14.44,653,33.32,0
201,2016,172,800,13.24,730,16.64,747,36.2,3.077,749,1.149,.897,270,37.92,3.625,729,1.418,1.236,270.7,28.99,218.2,105.5,520.8,283.3,512.6,257.6,11.3,3.88,12.12,11.64,12.1,12.53,.053,13.5,0,1.134,1.601,-.201,.104,-.066,.591,13.57,735,15.98,720,34.99,0
201,2016,172,900,13.96,809,17.31,856,28.69,4.586,858,1.676,1.046,244.1,49.66,4.292,859,1.922,1.456,257.1,39.88,285.8,137.7,726,394,717,260.9,16.23,7.52,13.98,13.12,13.37,13.71,.045,14.08,0,8.43,4.849,-.179,.094,-.07,.591,13.96,809,16.43,857,29.36,0
203,2016,172,900,12.78,611,17.31,856,28.69,5.977,608,1.904,1.512,239.9,36.76,5.526,608,2.024,1.691,247,32.87,214.9,103.9,516.6,272,509.5,258,10.93,4.155,12.14,11.8,12.16,12.57,.045,14.08
201,2016,172,1000,15.36,920,18.24,952,26.81,6.251,942,2.139,1.519,175.5,43.59,5.409,943,1.869,1.307,180.2,44.41,330,158.8,896,484.4,888,267.9,21.72,10.43,17.78,17.1,17.27,17.4,.039,13.86,0,15.39,4.415,-.105,.083,-.093,.591,14.89,918,18.17,952,26.07,0
201,2016,172,1100,14.68,1030,18.97,1011,24.93,4.723,1100,2.507,2.236,278.4,26.64,4.782,1034,2.564,2.314,272.9,25.29,359.3,172.4,1016,550.6,1011,275.5,23.3,10.34,15.67,14.79,14.88,15.6,.008,14.41,0,24.15,4.371,.139,.091,-.084,.591,15.29,1030,18.91,1010,23.19,0
212,2016,172,1130,1074,1080,582.8,277.3
212,2016,172,1132,1084,1090,587.4,280.7
212,2016,172,1134,1085,1091,588.4,281.3
212,2016,172,1136,1086,1092,588.7,281.3
212,2016,172,1138,1086,1092,589,280.4
212,2016,172,1140,1088,1095,590.2,280.3
212,2016,172,1142,1090,1097,591.2,280.5
212,2016,172,1144,1094,1100,591.8,280.2
212,2016,172,1146,1097,1103,593.8,280.5
212,2016,172,1148,1102,1108,596,280.6
212,2016,172,1150,1103,1110,597.2,280.9
212,2016,172,1152,1102,1108,596.3,280.8
212,2016,172,1154,1100,1106,596,280.1
212,2016,172,1156,1102,1108,597.7,279.9
212,2016,172,1158,1108,1114,602.8,280.1
201,2016,172,1200,16.56,1149,19.04,1134,20.91,7.07,1141,3.797,3.689,283.5,13.7,6.996,1141,3.549,3.424,281.5,15.22,372.3,178.6,1087,586.4,1082,280.3,23.93,9.31,15.8,14.63,14.92,16.48,.005,13.9,0,32.83,5.213,.694,.108,-.068,.591,16.49,1101,19.17,1158,20.37,0
203,2016,172,1200,14.68,1030,19.04,1134,20.91,7.07,1141,2.814,1.896,266.7,46.26,6.996,1141,2.661,1.898,264.9,43.37,353.9,169.9,1000,540.5,994,274.6,22.98,10.03,16.41,15.51,15.69,16.49,.005,13.9
212,2016,172,1200,1109,1115,603.3,279.9
212,2016,172,1202,1108,1114,602.6,279.3
212,2016,172,1204,1107,1112,602.4,279.5
212,2016,172,1206,1105,1111,602.5,279.8
212,2016,172,1208,1107,1113,603.6,280.9
212,2016,172,1210,1106,1115,605,279.9
212,2016,172,1212,923,1118,607.9,280.4
212,2016,172,1214,335.6,1122,609.9,280
212,2016,172,1216,76.2,1121,609.3,280.1
212,2016,172,1218,66.23,1115,604.4,279.6
212,2016,172,1220,64.86,1113,604.2,280.4
212,2016,172,1222,65.1,1118,607.5,281.2
212,2016,172,1224,66.11,1119,607.9,281.5
212,2016,172,1226,66.62,1115,605.7,282.5
212,2016,172,1228,68.92,1111,601.6,282.5
212,2016,172,1230,161.7,1109,600.4,283.2
212,2016,172,1232,687.7,1110,601.9,283.9
212,2016,172,1234,1076,1110,600.8,283.7
212,2016,172,1236,1106,1109,599.8,283.3
212,2016,172,1238,1106,1109,601.7,284.5
212,2016,172,1240,1104,1107,599.5,285.6
212,2016,172,1242,1103,1107,598.1,285.6
212,2016,172,1244,1104,1107,598.3,285.7
212,2016,172,1246,1101,1103,596.2,285.7
212,2016,172,1248,1099,1103,597.5,286.4
212,2016,172,1250,1104,1109,600.7,287.5
212,2016,172,1252,1104,1109,599.5,287.3
212,2016,172,1254,1106,1110,599.5,287
212,2016,172,1256,1113,1118,604.8,288
212,2016,172,1258,1119,1123,607.4,286.6
201,2016,172,1300,17.03,1224,20.11,1246,18.9,6.937,1254,2.782,2.403,283.4,29.9,6.467,1254,2.613,2.176,281.9,33.11,370.4,181,1113,602.9,786,283.3,26.47,8.94,17.88,16.65,17.18,17.72,.002,13.87,0,34.58,5.545,1.382,.125,-.049,.591,17.3,1207,20.18,1259,18.7,0
201,2016,172,1400,15.82,1353,20.58,1306,26.14,7.35,1355,3.514,3.209,272.2,23.83,7.56,1355,3.394,3.1,267.4,23.85,259.7,126.5,795,426.7,788,295.8,22.02,8.62,15.87,15.44,15.79,16.2,-.001,13.85,0,30.86,5.406,2.008,.16,-.004,.591,16.83,1352,21.19,1305,24.33,0
201,2016,172,1500,15.02,1449,18.84,1425,28.15,7.09,1457,3.785,3.655,278.8,14.98,6.957,1457,3.632,3.492,274.6,15.87,137.8,65.57,410.8,212,404.1,314.8,15,5.13,12.35,12.54,12.88,13.42,-.008,13.79,0,27.85,3.098,2.552,.232,.076,.591,16.09,1439,18.84,1425,26.81,0
203,2016,172,1500,15.02,1449,20.58,1306,28.15,7.35,1355,3.36,3.08,277.7,23.38,7.56,1355,3.213,2.909,273.9,24.91,256,124.4,773,413.9,659.2,298,21.16,7.56,15.37,14.87,15.28,15.78,-.008,13.79
201,2016,172,1600,13.82,1552,16.16,1504,33.45,10.82,1523,6.55,6.243,296.9,17.52,10.35,1541,6.011,5.666,297,19.38,41.93,18.28,110.7,48.37,107.5,330.9,9.21,3.444,10.97,11.82,12.13,12.59,-.007,13.67,0,23.49,2.019,2.87,.317,.165,.59,14.49,1551,16.77,1504,32.31,0
201,2016,172,1700,14.29,1606,16.7,1649,30.83,12.84,1615,4.063,2.372,274.6,52.25,11.5,1613,3.759,2.376,274.4,49.14,86.7,41.49,254.1,128,249.6,329.1,11.39,3.236,13.11,13.71,13.94,14.32,-.014,13.85,0,16.81,2.042,2.924,.425,.263,.59,14.96,1602,17.31,1648,27.21,0
201,2016,172,1800,11.88,1755,14.76,1700,36.4,4.782,1732,3.652,3.615,280.1,8.11,5.017,1730,3.851,3.821,274.1,7.17,79.9,38.84,251.5,131.6,247.7,308.6,10.03,4.321,9.37,9.52,9.76,10.21,-.002,13.58,0,12.77,2.404,2.83,.543,.37,.589,13.02,1757,16.17,1715,33.05,0
203,2016,172,1800,11.88,1755,16.7,1649,36.4,12.84,1615,4.755,4.019,287.6,31.87,11.5,1613,4.54,3.877,285.1,30.96,69.52,32.87,205.4,102.7,201.6,322.9,10.21,3.667,11.15,11.68,11.94,12.37,-.002,13.58
201,2016,172,1900,10.42,1859,13.83,1809,47.74,4.938,1822,2.954,2.509,282.3,31.44,5.076,1825,3.004,2.792,273.7,21.49,16.29,6.649,46.44,18.89,46.33,301.3,5.758,2.328,6.49,7.35,7.7,8.23,.004,13.45,0,9.92,.763,2.718,.662,.473,.589,12.03,1858,14.77,1810,42.31,0
201,2016,172,2000,10.49,1902,13.64,1920,48.54,15.09,1928,4.263,2.04,273.9,58.49,14.13,1928,4.008,2.016,267.1,57.1,5.49,4.518,3.353,.084,6.432,344.6,5.665,1.59,6.277,6.874,7.14,7.68,.008,13.34,0,8.82,.642,2.64,.764,.564,.589,11.83,1945,14.37,1920,45.12,0
201,2016,172,2100,8.28,2054,11.57,2035,58.07,6.996,2047,3.922,1.949,241.9,57.45,6.173,2048,3.503,2.029,245.1,52.55,.945,1.05,-2.988,-2.946,-.389,297.2,3.536,1.562,4.834,5.231,5.724,6.599,-.003,13.26,0,6.436,.286,2.479,.857,.649,.589,9.76,2052,12.64,2035,49.02,0
203,2016,172,2100,8.28,2054,13.83,1809,58.07,15.09,1928,3.713,2.07,267.8,53.88,14.13,1928,3.505,2.228,263.4,48.89,7.58,4.072,15.6,5.342,17.46,314.4,4.986,1.827,5.867,6.484,6.855,7.5,-.003,13.26
201,2016,172,2200,8.15,2100,10.56,2131,42.72,6.428,2132,4.525,4.442,287.4,10.98,6.173,2133,4.361,4.294,279.2,9.98,-.211,-.18,-2.894,-3.707,-2.167,272.9,2.2,.747,3.975,5.034,5.436,5.918,.006,13.17,0,2.964,-.085,2.265,.943,.707,.589,10.23,2100,12.11,2151,38.16,0
201,2016,172,2300,8.82,2207,12.11,2258,36.82,6.82,2246,4.343,3.655,269.5,32.25,6.82,2253,3.92,3.402,264.4,29.46,-.285,-.19,-3.601,-4.44,-2.518,265.2,1.548,.334,4.359,5.557,5.87,6.358,-.004,13.12,0,.598,-.186,2.048,1.009,.759,.589,10.5,2210,13.32,2258,34,0
201,2016,172,2400,11.57,2303,14.05,2320,35.07,10.35,2329,4.238,3.57,225.3,32.14,9.47,2329,3.909,3.223,222.2,33.93,-.523,-.377,-3.519,-4.05,-2.265,284.8,2.408,.52,8.24,9.54,9.93,10.47,-.002,13.1,0,-1.646,.048,1.81,1.059,.794,.589,12.58,2302,14.86,2317,32.93,0
203,2016,172,2400,8.15,2100,14.05,2320,35.07,10.35,2329,4.369,3.501,263.4,36.1,9.47,2329,4.063,3.334,258.3,34.32,-.339,-.249,-3.338,-4.065,-2.317,274.3,2.052,.533,5.525,6.711,7.08,7.58,-.002,13.1
224,2016,172,2400,7.55,227,20.58,1306,36.59,15.09,1928,3.473,2.694,273.7,38.35,14.13,1928,3.397,2.767,268.6,34.87,115,55.62,316.6,167.3,300.8,281.5,9,3.477,9.41,9.7,10.03,10.55,-.002,13.1,13.24,9.45,1.704,1.154,.364,.169,.59,9.09,224,21.19,1305,33.5,14.03
201,2016,173,100,11.9,46,13.31,1,42.58,8.8,2,3.466,3.154,204.6,24.3,7.64,2,3.099,2.761,205.1,26.74,-.614,-.33,-4.54,-4.715,-2.918,270.1,1.756,.785,7.58,8.86,9.27,9.8,-.001,13.06,0,-3.304,.044,1.582,1.09,.811,.589,12.63,46,14.12,0,40.36,0
201,2016,173,200,11.03,148,12.3,100,44.39,6.624,125,3.56,3.415,218.4,16.34,6.349,130,3.165,2.999,220.1,18.54,-.525,-.369,-4.511,-4.821,-2.838,266.1,1.432,.648,6.966,8.03,8.4,8.94,.002,13.06,0,-4.712,-.018,1.398,1.103,.825,.589,12.1,113,12.97,101,41.77,0
201,2016,173,300,11.03,246,12.03,203,45.47,7.76,229,4.134,3.94,214.7,17.52,7.17,241,3.662,3.444,215.9,19.78,-.482,-.376,-4.421,-4.684,-2.781,264.3,1.471,.665,7.09,8.16,8.5,9.03,3.111,13.05,0,-5.425,.052,1.26,1.109,.821,.589,11.77,248,12.84,203,43.39,0
203,2016,173,300,11.03,148,13.31,1,45.47,8.8,2,3.72,3.486,212.9,20.3,7.64,2,3.309,3.051,214,22.62,-.54,-.358,-4.491,-4.74,-2.846,266.8,1.553,.699,7.21,8.35,8.72,9.26,3.111,13.05
201,2016,173,400,10.36,359,11.5,300,48.62,8.49,324,5.203,5.074,221.7,12.76,8.19,327,4.636,4.479,219.3,14.9,-.465,-.348,-3.951,-4.284,-2.745,262.1,1.583,.935,7.14,8.05,8.32,8.81,3.111,13.03,0,-5.578,.349,1.143,1.106,.805,.589,11.1,352,12.24,305,46.07,0
201,2016,173,500,9.56,445,10.63,400,51.97,8.02,439,4.14,3.966,221,16.64,6.643,439,3.699,3.505,218.7,18.55,.504,.14,-2.083,-3.786,-.838,259.8,1.096,.932,6.196,7.1,7.38,7.87,-.001,13.01,0,-5.102,.204,1.038,1.096,.789,.589,10.36,445,11.37,402,49.09,0
201,2016,173,600,9.96,500,11.9,559,46.61,6.957,518,2.925,2.248,225.8,38.98,7.25,513,2.808,1.965,223.1,44.36,43.2,24.62,92,38.63,89.9,261.7,2.612,.993,7.93,8.82,9.09,9.47,3.109,13.13,0,-4.875,.239,.967,1.084,.768,.589,10.56,502,12.1,555,46.14,0
203,2016,173,600,9.56,445,11.9,559,46.61,8.49,324,4.089,3.761,222.3,22.97,8.19,327,3.714,3.315,219.8,26.55,14.41,8.14,28.66,10.19,28.76,261.2,1.764,.953,7.09,7.99,8.26,8.72,3.109,13.13
201,2016,173,700,11.3,601,15.18,636,50.49,7.54,612,2.015,1.777,208.1,27.83,7.02,612,1.881,1.583,207.6,32.24,116.9,59.65,304.8,147.2,298.7,270.2,7.93,2.529,10.98,11.18,11.37,11.65,3.109,13.16,0,-3.329,1.388,.903,1.073,.75,.589,11.57,602,15.05,637,49.88,0
201,2016,173,800,10.82,705,15.25,740,47.06,4.429,705,1.773,1.394,214.9,37.45,4.39,709,1.619,1.303,214.8,35.76,169.3,84.7,477.2,255.3,470.8,266.3,12.4,4.964,12.21,12.11,12.3,12.57,3.109,13.5,0,1.793,3.826,.863,1.048,.723,.59,11.22,702,14.37,739,46.93,0
201,2016,173,900,13.16,804,15.43,850,44.37,6.643,856,2.095,1.926,164,23.05,5.409,857,1.704,1.527,165.9,26.1,233.2,117.7,701,376.9,693.2,270.6,18.75,8.63,16.06,15.41,15.39,15.46,-.005,14.1,0,10.31,4.842,.917,1.026,.699,.59,12.89,803,14.89,850,44.84,0
203,2016,173,900,10.82,705,15.43,850,44.37,7.54,612,1.961,1.564,193.6,36.44,7.02,612,1.735,1.368,195.6,37.21,173.2,87.3,494.5,259.8,487.6,269,13.03,5.376,13.08,12.9,13.02,13.23,-.005,14.1
201,2016,173,1000,13.82,901,17.31,923,28.82,5.859,948,2.099,1.291,215,50.25,5.546,948,1.917,1.213,222.9,49.08,273.9,137.7,872,468.8,866,275.8,22.57,10.76,17.47,16.6,16.62,16.74,-.013,13.84,0,18.42,6.509,1.175,1.017,.701,.59,13.49,902,16.97,925,28.42,0
201,2016,173,1100,15.29,1001,18.24,1045,32.77,5.526,1025,2.785,2.6,276.3,20.92,4.938,1025,2.628,2.44,274.4,21.66,304.2,153.4,1004,541.7,999,279.8,24.19,12.27,16.44,15.75,15.7,16.31,-.017,14.46,0,26.48,9.73,1.625,1.006,.673,.589,15.09,1026,17.97,1051,30.83,0
212,2016,173,1130,1112,1117,604.5,286.5
212,2016,173,1132,1107,1114,599.1,289.8
212,2016,173,1134,1111,1120,602.9,291.5
212,2016,173,1136,1118,1127,608.7,293.1
212,2016,173,1138,1122,1132,611.2,295.2
212,2016,173,1140,1135,1145,616.4,296
212,2016,173,1142,1143,1154,622.1,295.9
212,2016,173,1144,1155,1165,627.8,295.4
212,2016,173,1146,1155,1165,628.5,295.3
212,2016,173,1148,1169,1180,636,295.8
212,2016,173,1150,1189,1202,649,297
212,2016,173,1152,1204,1222,661.5,300.4
212,2016,173,1154,1198,1215,658.9,300.2
212,2016,173,1156,1185,1198,650.3,300.7
212,2016,173,1158,1204,1214,657.4,301.2
201,2016,173,1200,15.96,1100,19.84,1135,23.72,5.801,1159,2.261,2,259.9,27.52,5.585,1159,2.186,1.916,253.5,28.47,336.2,172.2,1129,609.4,1120,291.8,28.12,13.69,18.05,16.78,16.98,18.32,-.01,13.84,0,37.11,10.32,2.328,1.006,.672,.589,16.03,1101,19.98,1135,23.52,0
203,2016,173,1200,13.82,901,19.84,1135,23.72,5.859,948,2.382,1.804,258,39.9,5.585,1159,2.244,1.749,256.3,38.05,304.8,154.4,1002,540,995,282.5,24.96,12.24,17.32,16.38,16.43,17.12,-.01,13.84
212,2016,173,1200,1216,1227,662.2,302.5
212,2016,173,1202,1211,1220,657.1,301.3
212,2016,173,1204,1198,1207,649.9,301.5
212,2016,173,1206,1164,1175,634.9,302.2
212,2016,173,1208,1124,1145,620.8,304.7
212,2016,173,1210,771,811,435.3,303.5
212,2016,173,1212,785,890,476,303.3
212,2016,173,1214,578.5,1208,647.4,305.2
212,2016,173,1216,315.7,1279,689.1,308
212,2016,173,1218,295.9,1297,704,310.6
212,2016,173,1220,301.1,1307,710,313.6
212,2016,173,1222,310.5,945,513.8,316
212,2016,173,1224,291.4,465,250.3,316.2
212,2016,173,1226,268.8,303.7,160.4,317.6
212,2016,173,1228,252.1,264.8,133.8,318.6
212,2016,173,1230,238.1,248.5,122,321
212,2016,173,1232,219.4,227.6,109.2,321.6
212,2016,173,1234,195.4,203.3,96.1,323.9
212,2016,173,1236,179.1,186.8,87.2,325.7
212,2016,173,1238,171.9,177.9,81.9,325.4
212,2016,173,1240,169.4,174.5,79.8,326
212,2016,173,1242,167.4,172.2,78.2,327.2
212,2016,173,1244,162.2,166.2,74.8,328.1
212,2016,173,1246,156.3,160.1,71.7,330
212,2016,173,1248,151.8,155,69.08,331.6
212,2016,173,1250,147.4,150.3,66.54,332.9
212,2016,173,1252,144.7,147.9,65.08,334.2
212,2016,173,1254,144.3,147.4,64.69,335.7
212,2016,173,1256,143.4,146.6,64.37,336.9
212,2016,173,1258,138.3,141.7,62.15,337.4
201,2016,173,1300,14.62,1259,21.38,1216,36.52,12.25,1241,4.525,3.944,302.9,29.02,12.15,1241,4.245,3.56,303.9,32.54,164.3,83.5,542.1,284.5,384.4,319.9,19.59,12.28,16,15.8,16.07,16.46,-.01,13.76,0,44.74,7.89,3.177,1.032,.697,.589,15.15,1259,21.45,1216,34.51,0
201,2016,173,1400,13.35,1356,14.82,1300,31.37,14.89,1338,7.69,7.48,303.9,13.4,13.01,1338,7.05,6.802,305.1,15.26,54.26,24.56,168.4,74.1,163.3,335.3,10.25,5.716,11.38,12.03,12.22,12.63,-.008,13.77,0,45.65,3.063,3.957,1.091,.759,.588,13.95,1355,15.42,1307,29.56,0
201,2016,173,1500,12.48,1423,14.16,1428,37.14,17.4,1406,9.07,8.83,303.9,13.27,17.01,1406,8.41,8.13,305.5,14.72,124.5,62.16,412.9,208.8,405.9,322.1,10.76,5.049,11.89,12.23,12.33,12.69,-.014,13.77,0,34.3,4.487,4.383,1.178,.853,.587,12.82,1423,14.63,1428,33.78,0
203,2016,173,1500,12.48,1423,21.38,1216,37.14,17.4,1406,7.1,6.753,303.7,17.86,17.01,1406,6.568,6.164,305,20.11,114.3,56.75,374.5,189.2,317.9,325.8,13.53,7.68,13.09,13.35,13.54,13.92,-.014,13.77
201,2016,173,1600,11.62,1547,13.29,1511,35.33,7.8,1528,3.337,2.145,29.75,48.4,6.859,1531,3.039,1.871,23.87,50.22,62.36,30.13,203.3,97.7,198.7,325.4,10.97,5.634,11.28,11.71,11.8,12.08,-.005,13.97,0,22.02,3.319,4.346,1.289,.972,.587,12.29,1546,14.03,1507,33.05,0
201,2016,173,1700,10.02,1655,13.77,1608,54.78,8.76,1617,3.633,3.429,148,19.2,6.976,1618,2.914,2.698,147.5,22.08,57.68,28.51,190.4,92.8,184.3,328.5,11.49,5.42,11.74,11.93,11.89,12.09,-.008,13.62,0,17.26,3.435,4.194,1.409,1.096,.587,10.62,1655,14.44,1607,50.96,0
201,2016,173,1800,8.14,1734,12.16,1746,50.15,15.58,1749,3.261,1.999,316.5,50.39,13.8,1749,3.148,2.103,313.2,46.67,14.15,7.25,41.49,17.33,41.25,336.4,7.23,4.587,6.656,7.16,7.48,7.8,.011,13.46,0,15.6,2.126,4.054,1.529,1.213,.587,9.55,1732,13.1,1746,46.87,0
203,2016,173,1800,8.14,1734,13.77,1608,50.15,15.58,1749,3.411,.52,74.9,74.6,13.8,1749,3.034,.369,37.59,75.9,44.73,21.96,145.1,69.28,141.4,330.1,9.9,5.213,9.89,10.27,10.39,10.66,.011,13.46
201,2016,173,1900,8.62,1839,11.02,1807,50.7,4.586,1852,2.748,1.478,260.4,55.06,5.213,1801,2.598,1.646,257.8,49.02,13.7,7.5,42.83,19.77,43.47,302.7,5.151,3.06,4.961,5.875,6.51,6.975,-.002,13.38,0,12.49,1.317,3.917,1.638,1.32,.586,9.82,1829,11.63,1804,44.13,0
201,2016,173,2000,9.42,1958,11.64,1930,49.42,11.56,2000,3.348,1.981,272.5,51.75,10.11,2000,3.076,2.026,268.6,47.31,1.571,.845,4.33,.667,5.106,312.9,4.151,2.135,5.83,6.935,7.23,7.66,3.108,13.27,0,9.32,.78,3.74,1.736,1.402,.587,10.5,1958,12.51,1925,44.93,0
201,2016,173,2100,7.75,2052,10.96,2003,53.31,11.13,2000,3.799,1.44,80.7,63.83,10.27,2000,3.305,.831,86.1,70.1,-.48,-.314,-3.148,-3.152,-2.23,306,3.761,1.746,5.753,6.766,7.04,7.5,-.012,13.21,0,4.416,.773,3.486,1.818,1.47,.587,9.02,2052,11.63,2002,47.81,0
203,2016,173,2100,7.75,2052,11.64,1930,53.31,11.56,2000,3.298,.673,272.1,72.3,10.27,2000,2.993,.942,263,67.05,4.929,2.678,14.67,5.761,15.45,307.2,4.355,2.314,5.515,6.525,6.928,7.38,-.012,13.21
201,2016,173,2200,7.88,2116,10.03,2148,51.57,4.919,2154,2.911,2.292,251.3,37.35,4.429,2125,2.837,2.347,252.1,33.67,-.427,-.44,-1.535,-1.747,-.907,324.5,3.626,1.589,5.099,5.81,6.014,6.433,-.002,13.16,0,-.443,.703,3.189,1.884,1.524,.587,8.89,2115,11.17,2133,48.35,0
201,2016,173,2300,8.75,2217,10.63,2254,42.79,5.252,2213,2.732,2.511,282.2,23.06,5.409,2213,2.795,2.583,274.8,22.32,-.453,-.473,-2.042,-2.438,-1.423,307.1,2.975,1.468,5.18,6.098,6.391,6.837,-.018,13.1,0,-3.568,.711,2.915,1.932,1.556,.587,9.69,2221,11.97,2253,36.55,0
201,2016,173,2400,9.63,2304,10.97,2334,40.17,4.938,2325,2.152,2.002,282.9,21.39,4.899,2348,2.428,2.291,273.5,19.27,-.403,-.385,-2.927,-3.623,-2.169,288.1,1.863,1.133,4.448,5.589,5.998,6.527,-.003,13.08,0,-5.405,.307,2.671,1.965,1.57,.587,11.03,2311,12.71,2334,34.53,0
203,2016,173,2400,7.88,2116,10.97,2334,40.17,5.252,2213,2.599,2.194,272.1,31.96,5.409,2213,2.687,2.367,267.1,27.92,-.427,-.432,-2.168,-2.603,-1.499,306.6,2.821,1.397,4.909,5.832,6.134,6.599,-.003,13.08
224,2016,173,2400,7.75,2052,21.38,1216,42.94,17.4,1406,3.57,1.872,256,55.85,17.01,1406,3.285,1.798,257.1,54.5,81.9,41.31,256.6,133.4,247.7,293.6,8.99,4.484,9.76,10.2,10.43,10.86,-.003,13.08,12.31,10.76,2.767,2.468,1.303,.978,.588,8.89,2115,21.45,1216,40.67,12.87
201,2016,174,100,9.29,48,11.5,39,43.79,4.782,22,2.321,2.127,280.7,23.43,4.723,42,2.422,2.243,272,22,-.346,-.299,-4.015,-4.711,-2.705,272,.941,.648,4.125,5.413,5.885,6.443,-.019,13.05,0,-6.833,-.033,2.463,1.985,1.571,.587,10.9,48,12.57,24,38.42,0
201,2016,174,200,9.42,107,11.64,141,37.49,6.271,139,2.74,2.507,296.1,23.61,6.643,139,2.551,2.239,288.7,28.34,-.375,-.402,-2.879,-3.544,-1.938,294.9,1.871,.536,5.029,6.139,6.522,7.05,-.006,13.04,0,-8.19,.063,2.271,1.991,1.556,.587,10.76,107,12.51,140,34.53,0
201,2016,174,300,8.15,238,11.23,202,50.49,6.506,220,3.709,3.547,291.5,16.93,6.095,219,3.481,3.274,285.6,19.75,-.47,-.416,-3.353,-3.737,-2.49,284.6,1.142,.634,4.077,5.077,5.421,5.88,-.009,13.03,0,-8.53,.152,2.08,1.988,1.539,.587,9.76,243,12.1,200,44.33,0
203,2016,174,300,8.15,238,11.64,141,50.49,6.506,220,2.923,2.712,290.1,21.75,6.643,139,2.818,2.567,282.6,24.18,-.397,-.372,-3.416,-3.997,-2.377,283.8,1.318,.606,4.411,5.543,5.943,6.458,-.009,13.03
201,2016,174,400,8.21,303,9.56,355,44,5.056,300,3.863,3.837,275.5,6.692,5.056,336,4.057,4.035,269.2,6.039,-.309,-.35,-3.164,-3.913,-2.291,273.3,.906,.627,3.831,4.868,5.173,5.622,0,13.02,0,-8.44,.217,1.906,1.976,1.506,.588,9.56,303,11.1,358,38.43,0
201,2016,174,500,8.29,459,9.76,438,50.23,5.663,432,4.104,4.047,277.9,9.51,5.232,432,4.107,4.069,270.9,7.8,.281,-.032,-1.649,-3.557,-.748,266.8,.477,.506,3.729,4.808,5.133,5.582,-.022,13.02,0,-7.82,.194,1.757,1.957,1.469,.588,9.7,500,11.37,447,45.07,0
201,2016,174,600,7.68,504,11.17,555,41.85,5.899,503,4.048,4.014,274.1,7.42,5.036,517,3.773,3.746,267.6,6.846,28.67,17.38,74.6,32.4,74,262.8,1.48,.633,5.104,5.924,6.183,6.575,-.012,13.07,0,-7.04,.201,1.636,1.924,1.43,.588,8.89,502,11.78,558,38.03,0
203,2016,174,600,7.68,504,11.17,555,41.85,5.899,503,4.005,3.964,275.8,8.14,5.232,432,3.979,3.949,269.3,7.07,9.55,5.666,23.25,8.31,23.66,267.6,.954,.589,4.221,5.2,5.497,5.926,-.012,13.07
201,2016,174,700,9.63,608,13.18,636,38.29,4.057,609,2.434,2.396,273.8,10.18,3.782,654,2.292,2.231,269.1,13.23,90.9,49.46,269.3,125.4,267.3,265,5.866,2.145,8.91,8.98,9.12,9.44,3.104,13.22,0,-5.948,.506,1.535,1.899,1.39,.588,10.5,609,13.24,636,36.95,0
201,2016,174,800,12.03,703,13.17,759,41.84,4.35,709,2.998,2.978,279,6.595,4.37,710,3.263,3.237,272.9,7.16,154.8,82.8,489.1,265.2,483.8,270.1,10.45,5.048,10.93,10.38,10.36,10.64,3.105,13.57,0,-2.875,1.74,1.449,1.86,1.352,.588,12.03,705,13.5,746,37.41,0
201,2016,174,900,13.03,801,16.37,847,33.25,3.665,855,1.668,1.144,192.6,45.4,3.645,855,1.539,1.039,212.2,46.18,193,104.3,648.7,347.5,636.5,285.1,17.81,9.01,15.93,15.04,14.97,15.09,-.004,13.87,0,1.32,4.873,1.398,1.817,1.307,.588,13.17,801,15.44,845,32.71,0
203,2016,174,900,9.63,608,16.37,847,33.25,4.35,709,2.367,1.868,265,37.19,4.37,710,2.365,2.021,262.9,30.86,146.2,78.9,469,246.1,462.5,273.4,11.37,5.399,11.93,11.47,11.48,11.72,-.004,13.87
201,2016,174,1000,13.75,953,17.37,923,33.24,4.546,950,2.239,1.434,270.7,48.58,5.095,950,2.193,1.551,268.5,43.82,227.5,122.9,793,421.6,778,308.4,20.71,12.42,17.48,16.03,15.79,15.92,-.008,14.31,0,9.03,10.3,1.412,1.777,1.274,.588,13.55,952,17.17,923,30.63,0
201,2016,174,1100,13.95,1059,17.84,1005,31.7,4.84,1012,3.102,3.022,289,12.97,4.448,1011,2.907,2.78,285.6,16.95,218.3,118.8,776,414.6,761,319.5,21.44,15.06,17.31,16.07,15.82,16.14,-.003,13.93,0,31.14,10.16,1.694,1.735,1.24,.589,14.36,1012,17.37,1029,30.83,0
212,2016,174,1130,130,133.4,58.43,337.7
212,2016,174,1132,43.24,44.66,16.62,339.1
212,2016,174,1134,40.64,41.67,15.3,340
212,2016,174,1136,38.63,39.62,14.23,340.8
212,2016,174,1138,36.76,37.47,13.42,342
212,2016,174,1140,35.29,36,12.82,343
212,2016,174,1142,34.72,35.29,12.57,343.6
212,2016,174,1144,34.44,34.86,12.43,343.6
212,2016,174,1146,34.57,34.94,12.27,342.8
212,2016,174,1148,34.31,34.72,11.95,342
212,2016,174,1150,33.23,33.62,11.43,341.5
212,2016,174,1152,32.34,32.41,10.76,341.1
212,2016,174,1154,32.29,32.26,10.62,340.4
212,2016,174,1156,32.08,32.08,10.45,340.1
212,2016,174,1158,31.98,32.01,10.43,339.5
201,2016,174,1200,11.88,1150,14.15,1100,39.48,5.801,1131,2.729,1.525,242.2,53.8,5.271,1116,2.607,1.487,242.8,53.08,21.21,9.58,73.6,30.38,71.8,338.1,9.54,9.79,10.01,10.67,10.85,11.28,-.007,13.6,0,29.46,4.467,2.408,1.707,1.219,.588,12.55,1150,14.55,1100,36.26,0
203,2016,174,1200,11.88,1150,17.84,1005,39.48,5.801,1131,2.69,1.882,273,44.38,5.271,1116,2.569,1.851,270.3,42.84,155.7,83.7,547.6,288.9,536.9,322,17.23,12.43,14.93,14.26,14.15,14.44,-.007,13.6
212,2016,174,1200,32.21,32.49,10.43,338.7
212,2016,174,1202,32.7,33.29,10.47,337.5
212,2016,174,1204,33.36,34,10.41,336.3
212,2016,174,1206,34.28,34.87,10.41,335.8
212,2016,174,1208,35.49,36.04,10.43,335.2
212,2016,174,1210,36.58,37.34,10.44,334.2
212,2016,174,1212,37.63,38.71,11.13,333.7
212,2016,174,1214,37.98,39.27,11.65,333.4
212,2016,174,1216,36.61,37.81,11.39,334
212,2016,174,1218,33.88,34.94,10.21,334.3
212,2016,174,1220,30.5,31.22,8.86,334.4
212,2016,174,1222,27.26,27.73,7.64,334.5
212,2016,174,1224,24.82,25.26,6.824,334.4
212,2016,174,1226,23.55,23.91,6.495,335
212,2016,174,1228,22.45,22.71,5.766,335.8
212,2016,174,1230,21.7,22.21,5.237,336.8
212,2016,174,1232,20.99,21.54,4.969,337.2
212,2016,174,1234,20.43,20.68,4.685,336.9
212,2016,174,1236,19.66,19.94,4.601,337.3
212,2016,174,1238,19.01,19.23,4.294,338.1
212,2016,174,1240,18.46,18.92,3.987,338.6
212,2016,174,1242,18.46,18.7,3.987,339.6
212,2016,174,1244,18.06,18.32,3.988,340
212,2016,174,1246,17.16,17.44,3.535,341.6
212,2016,174,1248,15.67,16.03,2.515,343.1
212,2016,174,1250,15.23,15.21,1.541,342.7
212,2016,174,1252,14.41,14.43,1.089,344.8
212,2016,174,1254,13.25,12.47,-.391,344.9
212,2016,174,1256,13.17,11.67,-1.311,345.3
212,2016,174,1258,13.92,11.47,-2.186,345.3
201,2016,174,1300,9.48,1256,12.14,1200,51.49,9.27,1221,3.617,3.011,129.5,33.16,7.8,1222,2.9,2.363,128.3,34.84,7.25,2.534,24.21,5.669,24.04,338.1,7.3,4.827,8.29,8.95,9.11,9.41,.002,13.46,0,31.41,2.497,3.199,1.701,1.225,.588,10.08,1256,12.88,1200,48.34,0
201,2016,174,1400,6.939,1349,9.88,1300,74.8,6.878,1334,2.43,1.256,102.9,56.3,6.565,1308,2.079,.768,109.1,64.31,10.3,5.398,24.47,5.114,27.94,337.1,6.003,3.413,4.482,4.604,4.608,4.896,.012,13.4,0,26.94,1.991,3.612,1.724,1.276,.588,7.68,1359,10.49,1300,67.93,0
201,2016,174,1500,6.873,1400,10.04,1444,51.45,14.01,1445,3.343,1.432,169.9,61.24,13.66,1455,3.115,1.328,171.4,61.35,21.01,11.22,67.02,25.45,68.25,334.1,6.635,3.168,4.939,5.305,5.262,5.535,.004,13.37,0,16.44,1.862,3.628,1.772,1.349,.588,7.81,1400,10.78,1444,46.08,0
203,2016,174,1500,6.873,1400,12.14,1200,51.45,14.01,1445,3.13,1.746,133.5,53.87,13.66,1455,2.698,1.37,137.5,56.82,12.85,6.382,38.56,12.08,40.08,336.4,6.646,3.803,5.902,6.287,6.327,6.615,.004,13.37
201,2016,174,1600,7.49,1559,9.91,1503,76.1,9.15,1546,3.527,.182,173.1,78.9,8.76,1546,3.247,.081,213.5,80,18.46,10.54,54.61,18.87,57.42,337.1,5.758,3.19,4.74,4.959,5.04,5.456,-.003,13.47,0,10.28,2.143,3.473,1.845,1.434,.587,8.1,1559,10.65,1502,69.23,0
201,2016,174,1700,7.49,1600,10.78,1658,53.73,8.33,1603,2.454,.696,306,68.56,7.51,1603,2.301,.711,301.2,67.32,104.8,58.82,407.3,214.7,398.7,301.4,11.66,4.452,7.8,7.61,7.43,8.36,-.01,13.68,0,6.771,3.429,3.283,1.922,1.513,.587,8.1,1600,11.32,1649,50.91,0
201,2016,174,1800,9.42,1757,10.98,1703,56.66,4.37,1744,2.6,2.484,271,17.08,4.096,1747,2.543,2.449,265.7,15.6,90.1,52.94,331.4,190.9,344.2,266.4,10.69,6.864,7.91,7.77,8.14,8.85,-.011,13.56,0,9.29,4.608,3.138,1.988,1.576,.587,10.29,1746,12.05,1718,51.43,0
203,2016,174,1800,7.49,1559,10.98,1703,56.66,9.15,1546,2.86,1.012,275.1,65.11,8.76,1546,2.697,1.032,272.1,63.63,71.1,40.77,264.4,141.5,266.8,301.7,9.37,4.836,6.817,6.777,6.869,7.56,-.011,13.56
201,2016,174,1900,8.21,1846,10.76,1806,52.71,11.97,1857,3.021,2.844,288.1,19.58,10.82,1857,3.074,2.831,281.9,22.79,18.29,9.93,74.8,36.26,75.5,288.7,5.619,5.522,5.763,6.546,6.751,7.16,3.125,13.42,0,9.71,2.905,3.135,2.049,1.63,.587,9.96,1845,12.57,1813,50.02,0
201,2016,174,2000,8.01,1955,11.5,1914,55.99,10.03,1901,4.333,4.191,294.6,14.66,8.88,1900,4.19,4.003,289.6,17.11,2.323,1.552,6.89,1.195,7.55,279.6,3.137,3.225,5.108,5.977,6.239,6.635,3.113,13.32,0,11.42,1.82,3.286,2.095,1.669,.587,9.49,1957,12.31,1913,47.68,0
201,2016,174,2100,8.15,2000,9.96,2056,56.13,7.9,2039,4.307,3.6,254.2,32.82,7.35,2039,4.211,3.636,252.1,29.91,-.297,-.19,-2.564,-3.196,-1.837,291.3,2.884,1.891,5.026,6.016,6.269,6.677,3.111,13.23,0,9.78,.798,3.355,2.13,1.702,.587,9.96,2012,10.83,2038,52.57,0
203,2016,174,2100,8.01,1955,11.5,1914,56.13,11.97,1857,3.887,3.371,279.4,29.52,10.82,1857,3.825,3.345,274.6,28.7,6.772,3.763,26.38,11.42,27.07,286.6,3.88,3.546,5.299,6.18,6.419,6.823,3.111,13.23
201,2016,174,2200,8.48,2151,10.03,2135,60.69,8.76,2131,2.266,1.699,206.9,40.52,8.27,2131,2.115,1.543,211.8,42.13,-.457,-.394,-2.777,-2.873,-1.887,300.9,3.356,1.684,5.932,6.987,7.28,7.72,3.113,13.19,0,3.371,1.327,3.258,2.161,1.732,.587,9.49,2151,10.7,2101,57.6,0
201,2016,174,2300,9.35,2203,10.43,2259,48.35,7.58,2203,3.35,3.08,233.5,23.01,6.643,2258,3.116,2.787,230.5,26.29,-.371,-.357,-2.123,-2.426,-1.282,310.5,3.597,1.903,6.618,7.64,7.92,8.37,.001,13.13,0,-1.829,1.175,3.047,2.194,1.756,.587,10.09,2206,11.23,2259,45.6,0
201,2016,174,2400,9.62,2354,10.7,2301,54.05,13.31,2315,3.899,3.34,247.6,30.67,11.93,2315,3.57,3.033,244.4,31.43,-.558,-.575,-1.556,-1.75,-1.107,329.1,4.003,2.255,7.32,8.28,8.54,8.98,-.005,13.09,0,-4.553,1.696,2.829,2.221,1.777,.587,10.23,2355,11.43,2337,51.3,0
203,2016,174,2400,8.48,2151,10.7,2301,54.05,13.31,2315,3.172,2.613,233.9,34.01,11.93,2315,2.934,2.399,232.4,34.59,-.462,-.442,-2.152,-2.35,-1.425,313.5,3.652,1.947,6.623,7.63,7.91,8.35,-.005,13.09
224,2016,174,2400,6.873,1400,17.84,1005,48.46,14.01,1445,3.129,1.929,266.9,50.16,13.66,1455,2.986,1.97,263.1,47.23,50.17,27.29,170.5,87.7,169.2,298.1,6.803,4.144,7.52,7.92,8.08,8.49,-.005,13.09,10.6,6.013,2.462,2.552,1.934,1.479,.588,7.68,1359,17.37,1029,44.63,11.38
201,2016,175,100,8.82,52,10.16,4,55.99,7.41,0,3.096,2.65,221,30.73,6.486,0,2.844,2.487,219.4,28.66,-.511,-.499,-2.214,-2.335,-1.616,308.4,3.355,2.428,6.503,7.48,7.74,8.18,3.112,13.05,0,-4.613,1.923,2.639,2.235,1.785,.587,9.82,26,10.83,3,53.04,0
201,2016,175,200,9.09,127,10.16,141,54.52,8.31,138,3.135,2.709,212.5,29.86,8.02,138,2.906,2.499,209.5,30.31,-.419,-.374,-1.961,-2.158,-1.3,317.5,3.525,2.445,6.689,7.73,7.99,8.41,-.006,13.04,0,-4.116,1.878,2.501,2.245,1.782,.587,9.82,127,10.76,140,51.17,0
201,2016,175,300,9.09,237,10.36,212,53.71,6.134,239,3.089,2.644,220.3,30.75,6.291,210,2.955,2.528,215.1,30.81,-.469,-.405,-2.314,-2.435,-1.452,308.7,3.06,2.453,6.481,7.54,7.84,8.3,-.008,13.03,0,-3.404,1.965,2.421,2.244,1.771,.587,9.89,237,11.03,212,49.96,0
203,2016,175,300,8.82,52,10.36,212,53.71,8.31,138,3.107,2.662,217.9,30.66,8.02,138,2.902,2.498,214.7,30.19,-.466,-.426,-2.163,-2.309,-1.456,311.6,3.314,2.442,6.558,7.58,7.86,8.3,-.008,13.03
201,2016,175,400,9.09,349,11.1,340,55.86,7.17,344,3.892,3.372,239.1,29.61,6.839,344,3.601,3.122,235.9,29.55,-.531,-.564,-2.109,-2.199,-1.556,312.6,3.084,2.49,6.621,7.56,7.84,8.3,3.125,12.99,0,-2.767,1.99,2.364,2.237,1.761,.587,9.76,348,11.77,337,53.04,0
201,2016,175,500,8.35,448,9.56,417,57.33,5.957,410,2.408,1.995,225.1,33.54,6.193,410,2.239,1.818,222.7,35.13,-.179,-.273,-1.336,-2.148,-.56,305.8,2.687,2.392,5.947,6.923,7.22,7.67,-.004,12.99,0,-2.397,1.968,2.327,2.224,1.741,.588,9.35,446,10.23,426,53.98,0
201,2016,175,600,8.75,546,10.09,522,54.99,4.39,501,1.806,1.505,223.2,33.08,4.194,535,1.756,1.478,221,32.25,14.68,8.87,49.77,23.35,49.41,283.6,2.725,2.404,5.746,6.669,7,7.47,3.111,13.05,0,-2.107,1.864,2.295,2.208,1.721,.588,9.29,545,10.43,521,52.1,0
203,2016,175,600,8.35,448,11.1,340,54.99,7.17,344,2.702,2.271,231.6,32.34,6.839,344,2.532,2.123,228.7,32.55,4.658,2.677,15.44,6.334,15.77,300.7,2.832,2.429,6.104,7.05,7.35,7.81,3.111,13.05
201,2016,175,700,8.89,603,14.12,650,50.63,3.331,622,1.243,.578,208.5,59.27,3.135,603,1.072,.448,216.2,61.78,77.6,45.11,275.9,126.6,271.4,267.5,7.8,3.731,10.73,10.83,10.86,11.02,-.015,13.24,0,-1.538,1.888,2.267,2.195,1.705,.588,9.42,603,13.58,649,49.96,0
201,2016,175,800,9.62,711,13.04,722,52.1,6.526,750,2.617,1.729,160.6,47.17,6.526,759,2.427,1.43,164.2,51.92,120,68.54,454.7,240.8,448.1,270.6,12.16,7.02,13.24,12.56,12.34,12.37,-.004,13.51,0,1.529,2.829,2.232,2.172,1.691,.588,9.95,711,12.37,700,52.63,0
201,2016,175,900,11.28,856,13.37,838,53.96,7.49,817,3.916,3.724,152.8,17.93,7.19,817,3.359,3.17,151.1,19.23,161,92.7,637.7,336.7,627.9,289.2,17.49,10.98,16.77,15.55,15.12,15.02,-.002,14.05,0,6.817,6.29,2.208,2.146,1.679,.588,11.49,856,13.03,837,53.76,0
203,2016,175,900,8.89,603,14.12,650,53.96,7.49,817,2.592,1.936,159.8,40.76,7.19,817,2.286,1.603,159.8,44.3,119.6,68.77,456.1,234.7,449.1,275.8,12.49,7.24,13.58,12.98,12.78,12.8,-.002,14.05
201,2016,175,1000,11.35,902,15.37,943,46.99,8.52,923,3.505,3.205,148.8,23.72,7.8,923,2.97,2.67,146.9,25.74,176.6,102.6,744,388.4,734,289.1,20.5,13.3,18.08,16.76,16.33,16.19,-.014,14.5,0,16.77,11.97,2.262,2.126,1.651,.588,11.22,902,14.76,943,46.32,0
201,2016,175,1100,13.15,1020,16.91,1010,38.67,8.43,1056,3.145,2.093,256.8,46.84,7.72,1056,2.847,1.834,255.7,48.3,255.6,153.5,1133,605.6,1123,299.8,26.39,16.92,19.34,18.07,17.66,17.83,-.012,13.98,0,37.35,15.55,2.609,2.106,1.656,.588,12.82,1025,16.17,1008,39.08,0
212,2016,175,1130,73.7,70.5,29.64,340.6
212,2016,175,1132,1200,1209,643.3,292.3
212,2016,175,1134,1213,1221,649.5,293.9
212,2016,175,1136,1227,1235,657.9,297.1
212,2016,175,1138,1254,1263,672.6,302.3
212,2016,175,1140,1278,1286,685.7,306.4
212,2016,175,1142,1263,1280,684.2,313.7
212,2016,175,1144,560.7,576.8,300.6,320.8
212,2016,175,1146,1196,1204,641.3,320.8
212,2016,175,1148,1250,1261,678.4,327.5
212,2016,175,1150,1260,1274,687.9,329.4
212,2016,175,1152,1021,1045,554.8,326.9
212,2016,175,1154,916,940,494.8,332.2
212,2016,175,1156,565.5,590,309.9,335.7
212,2016,175,1158,297.6,311.8,159.6,343.1
201,2016,175,1200,12.01,1113,16.43,1146,51.41,10.74,1124,4.099,2.203,254,55.09,9.72,1107,3.827,1.899,252.2,57.49,196.1,119.4,913,481.9,900,313.1,23.42,18.13,17.31,16.11,15.92,16.43,-.004,14.17,0,38.26,15.77,3.439,2.111,1.665,.588,12.35,1113,16.23,1141,50.4,0
203,2016,175,1200,11.35,902,16.91,1010,51.41,10.74,1124,3.583,1.522,213.1,61.43,9.72,1107,3.215,1.302,213,62.49,209.4,125.1,930,491.9,919,300.7,23.44,16.12,18.24,16.98,16.64,16.82,-.004,14.17
212,2016,175,1200,293.7,308.7,155.2,343.3
212,2016,175,1202,1157,1177,615.6,339.2
212,2016,175,1204,665.5,701,362,335.2
212,2016,175,1206,395.9,415.4,209.2,332.9
212,2016,175,1208,333.1,346.1,171.1,334.5
212,2016,175,1210,292.6,303.9,148.3,335.7
212,2016,175,1212,256.8,266.8,128.7,337.5
212,2016,175,1214,243,251.5,120.4,339.7
212,2016,175,1216,223.7,232.6,110.2,340.7
212,2016,175,1218,201.6,211.8,100.6,340.2
212,2016,175,1220,183.5,190,91,339.7
212,2016,175,1222,159.9,165,78.7,337.8
212,2016,175,1224,155.9,164.1,76.8,337.8
212,2016,175,1226,152.7,160.9,75.3,338.7
212,2016,175,1228,139.1,142.7,65.46,338.2
212,2016,175,1230,121.2,122.4,54.98,340.4
212,2016,175,1232,112.5,113.2,49.95,340.6
212,2016,175,1234,108.4,111.7,49.14,341.3
212,2016,175,1236,108.5,112.5,49.81,343.1
212,2016,175,1238,116.4,119.4,52.84,345.1
212,2016,175,1240,143.8,145.6,64.32,340.9
212,2016,175,1242,181.8,182.7,81.6,339
212,2016,175,1244,249.8,251.3,115.7,335.3
212,2016,175,1246,336.6,349.4,162.8,325
212,2016,175,1248,729,759,375.6,312.9
212,2016,175,1250,1295,1326,694.3,306.1
212,2016,175,1252,1295,1323,701,307.5
212,2016,175,1254,1284,1318,706,314.2
212,2016,175,1256,840,864,463.5,317.1
212,2016,175,1258,1274,1307,707,313.6
201,2016,175,1300,9.53,1247,14.49,1258,56.84,9.23,1211,3.694,2.859,51.85,38.52,9.82,1211,3.31,2.495,52.47,40.19,97.3,59.73,472.8,241.9,459,332.3,16.95,15.87,13.24,12.79,12.53,12.54,-.017,14.22,0,62.07,12.11,4.74,2.123,1.688,.588,9.93,1247,15.1,1259,54.22,0
201,2016,175,1400,11.01,1305,14.37,1316,42.98,12.68,1347,2.84,1.012,248.9,64.99,12.21,1347,2.565,.885,252.2,65.55,73.5,45.2,360.3,186.5,349,327.8,17.32,14.49,14.73,14.19,13.99,13.73,-.009,13.72,0,66.29,12.63,5.966,2.181,1.783,.587,11.75,1305,14.84,1314,40.7,0
201,2016,175,1500,10.96,1414,13.57,1437,43.51,12.7,1406,5.591,3.058,242,54.51,12.68,1432,5.019,2.6,239,56.23,93.5,58.62,469.9,240.6,461.4,315.5,14.66,11.3,13.28,13.01,12.9,13.03,-.005,14.31,0,57.69,8.66,6.781,2.272,1.924,.586,11.49,1412,13.64,1444,42.11,0
203,2016,175,1500,9.53,1247,14.49,1258,43.51,12.7,1406,4.042,.465,268.6,76.2,12.68,1432,3.631,.366,265.4,76.8,88.1,54.52,434.3,223,423.1,325.2,16.31,13.88,13.75,13.33,13.14,13.1,-.005,14.31
201,2016,175,1600,11.56,1502,14.3,1557,36.47,12.35,1534,4.897,3.233,213.6,47.21,11.46,1534,4.425,2.863,210.1,48.11,149.9,98.5,767,412.4,759,277.1,19.94,13.23,16.27,15.31,15.12,15.13,-.005,14.24,0,54.05,13.02,7.22,2.405,2.112,.585,11.49,1501,14.64,1555,35.8,0
201,2016,175,1700,9.61,1649,14.1,1605,66.37,9.01,1630,4.164,.604,11.38,74.9,8.64,1630,3.643,.413,4.402,76.3,89.3,59.16,460.8,244.7,454,280.1,15.79,14.5,13.57,13.06,12.87,12.94,-.004,13.87,0,46.82,13.46,7.42,2.559,2.317,.585,10.14,1646,14.64,1607,64.09,0
201,2016,175,1800,9.35,1727,11.76,1716,60.61,3.606,1725,1.406,.112,71.7,77.7,3.449,1729,1.259,.161,255.3,75.6,48.16,31.96,240.2,133.7,246.8,277.1,13.37,13.52,11.52,11.03,10.87,10.96,-.003,13.7,0,48.76,11.46,7.74,2.731,2.521,.584,9.75,1726,12.76,1716,56.92,0
203,2016,175,1800,9.35,1727,14.3,1557,60.61,12.35,1534,3.489,.864,217.1,70.3,11.46,1534,3.109,.874,216.5,68.68,95.8,63.21,489.4,263.6,486.7,278.1,16.37,13.75,13.79,13.13,12.95,13.01,-.003,13.7
201,2016,175,1900,9.61,1827,11.69,1809,58.2,4.409,1844,1.137,.634,258.9,53.86,4.194,1844,1.309,.867,252.1,47.06,14.32,8.87,86.2,41.52,87,270.4,8.13,11.03,8.1,8.5,8.64,8.95,.011,13.5,0,49.53,8.98,8.1,2.915,2.724,.584,10.49,1827,13.37,1815,53.64,0
201,2016,175,2000,7.74,1957,10.62,1901,65.45,4.723,1950,2.619,2.488,280.4,18.14,4.664,1950,2.88,2.786,269.5,14.67,1.162,.625,3.064,-2.407,4.041,264.5,4.156,7.8,4.872,5.65,5.878,6.29,.009,13.38,0,43.33,6.177,8.26,3.105,2.932,.583,8.62,1956,11.69,1901,59.81,0
201,2016,175,2100,7.88,2000,12.44,2054,38.22,8.25,2044,2.814,2.655,260,19.24,6.643,2044,2.647,2.461,253.8,21.46,.18,.123,-3.58,-4.438,-2.292,265.6,3.571,5.635,5.533,6.775,7.17,7.69,.013,13.3,0,30.51,4.444,8.15,3.282,3.124,.583,8.95,2000,13.11,2058,35.81,0
203,2016,175,2100,7.74,1957,12.44,2054,38.22,8.25,2044,2.19,1.895,268.6,29.71,6.643,2044,2.279,2.018,260.7,27.4,5.221,3.208,28.57,11.56,29.6,266.8,5.284,8.15,6.168,6.976,7.23,7.64,.013,13.3
201,2016,175,2200,11.9,2114,12.57,2123,34.13,8.52,2122,4.285,4.124,250.5,15.71,8.52,2122,3.988,3.796,245.4,17.78,-.418,-.401,-3.819,-4.317,-2.567,274.5,3.704,4.609,7.64,8.91,9.27,9.75,.011,13.21,0,15.51,3.908,7.78,3.455,3.296,.583,12.71,2149,13.31,2125,32.32,0
201,2016,175,2300,10.02,2259,12.51,2205,57,8.96,2254,3.38,2.448,221.8,42.53,8.39,2254,3.078,2.275,216.8,41.37,-.589,-.547,-2.856,-2.996,-2.137,309.1,4.287,4.277,7.64,8.93,9.3,9.78,3.111,13.15,0,6.668,3.897,7.29,3.618,3.442,.583,10.63,2259,13.24,2218,54.65,0
201,2016,175,2400,8.01,2359,10.16,2302,61.22,7.88,2310,1.819,1.316,194.7,42.61,7.15,2310,1.626,1.156,197.8,43.57,-.512,-.474,-2.501,-2.528,-1.784,312.8,4.18,4.386,6.181,7.13,7.41,7.83,3.113,13.11,0,3.827,4.095,6.817,3.758,3.555,.583,9.15,2357,10.69,2302,55.79,0
203,2016,175,2400,8.01,2359,12.57,2123,61.22,8.96,2254,3.161,2.455,232.6,38.28,8.52,2122,2.897,2.284,229,37.26,-.506,-.474,-3.059,-3.28,-2.163,298.8,4.057,4.424,7.16,8.32,8.66,9.12,3.113,13.11
224,2016,175,2400,7.74,1957,16.91,1010,51.23,12.7,1406,3.108,1.525,223.6,57.8,12.68,1432,2.856,1.45,222.1,56.84,65.22,39.58,293.6,153.2,289.9,294.7,10.51,8.56,10.67,10.79,10.83,11.08,3.113,13.11,11.27,23.54,7.03,4.826,2.527,2.168,.586,8.62,1956,16.23,1141,49.11,11.76
201,2016,176,100,7.88,0,9.09,42,58.68,8.07,44,1.964,1.365,182.7,44.72,6.467,47,1.807,1.199,190.8,46.97,-.185,-.112,-2.656,-3.138,-1.702,317.1,3.913,4.251,5.238,6.162,6.436,6.763,3.112,13.09,0,2.512,4.145,6.415,3.882,3.629,.583,9.02,1,10.03,20,55.93,0
201,2016,176,200,7.81,109,8.76,156,57.81,3.625,142,1.688,1.302,234.2,38.73,3.939,144,1.729,1.355,236.3,37.64,-.091,.003,-3.436,-3.884,-2.375,278.3,2.135,3.925,3.937,4.838,5.149,5.624,.005,13.06,0,1.574,4.039,6.103,3.985,3.675,.583,8.62,108,9.69,139,53.99,0
201,2016,176,300,7.42,210,8.7,258,63.12,5.742,256,2.231,1.946,231.3,28.93,5.311,254,2.076,1.828,230.4,27.97,.048,.077,-3.722,-4.196,-2.432,266.2,1.508,3.229,3.55,4.593,4.962,5.496,.009,13.04,0,.5,3.717,5.845,4.067,3.696,.583,8.56,211,9.43,200,59.63,0
203,2016,176,300,7.42,210,9.09,42,63.12,8.07,44,1.961,1.42,218.3,42.55,6.467,47,1.87,1.383,221.7,41.36,-.076,-.01,-3.272,-3.739,-2.17,287.2,2.518,3.802,4.242,5.198,5.516,5.961,.009,13.04
201,2016,176,400,7.69,359,8.77,309,67.75,6.232,328,2.69,2.325,228.7,29.87,5.859,328,2.457,2.109,225.3,30.47,.138,.197,-4.052,-4.502,-2.617,256,1.485,2.89,4.382,5.547,5.874,6.324,0,13.04,0,-.675,3.466,5.639,4.116,3.694,.583,8.43,355,9.37,309,63.93,0
201,2016,176,500,7.49,400,8.36,411,66.14,5.624,408,2.583,2.272,234.8,28.12,5.879,408,2.442,2.159,232,27.54,.448,.323,-2.073,-3.785,-.716,255.2,1.342,2.674,4.144,5.254,5.573,6.028,.01,13.01,0,-1.584,3.323,5.455,4.148,3.677,.583,8.3,400,9.1,410,62.59,0
201,2016,176,600,8.03,500,10.31,545,58.22,6.036,545,2.554,2.238,232.7,28.49,5.703,542,2.408,2.063,228.6,30.66,17.41,13.28,76,32.47,74.8,279.4,3.505,3.074,6.572,7.38,7.6,7.96,.008,13.1,0,-2.481,3.26,5.291,4.165,3.65,.583,8.7,500,10.58,545,56.01,0
203,2016,176,600,7.49,400,10.31,545,58.22,6.232,328,2.609,2.276,232,28.95,5.879,408,2.435,2.108,228.7,29.7,5.999,4.6,23.29,8.06,23.84,263.5,2.111,2.879,5.033,6.061,6.349,6.769,.008,13.1
201,2016,176,700,8.96,613,11.3,659,51.64,4.546,626,2.284,2.016,229,27.74,4.331,627,2.195,1.89,225.6,30.18,53.18,36.65,256.5,116,252,283.5,7.73,4.904,9.76,9.87,9.9,10.13,.001,13.34,0,-1.311,3.578,5.141,4.17,3.62,.583,9.5,613,11.3,659,51.43,0
201,2016,176,800,10.09,714,13.71,741,38.28,5.977,712,2.32,1.791,231.2,38.66,5.801,712,2.175,1.653,223.3,39.69,102.5,71,514.3,276.6,506.2,269.6,14.17,8.61,14.29,13.49,13.33,13.38,.002,13.65,0,2.866,4.411,5.006,4.161,3.576,.583,10.36,719,13.17,742,39.09,0
201,2016,176,900,11.76,805,13.36,825,36.73,6.114,802,2.701,2.28,263.7,31.96,5.997,855,2.563,2.062,259.5,35.82,141.8,99.9,738,396.2,729,271,19.09,11.9,16.69,15.35,15.01,14.95,3.107,14.18,0,10.5,5.648,4.895,4.142,3.53,.583,11.83,806,12.97,810,37.6,0
203,2016,176,900,8.96,613,13.71,741,36.73,6.114,802,2.435,1.948,242.5,36.22,5.997,855,2.311,1.788,237.2,38.54,99.2,69.18,502.8,262.9,495.7,274.7,13.67,8.47,13.58,12.9,12.75,12.82,3.107,14.18
201,2016,176,1000,10.94,923,14.76,902,37.06,10.54,957,4.602,4.323,302.3,19.95,10.31,957,4.199,3.862,304.3,22.93,136.2,96,730,382.1,723,291,18.43,12.8,16.64,15.6,15.15,15.09,.013,14.4,0,19.32,7.16,4.828,4.111,3.481,.583,11.07,925,14.02,903,35.86,0
201,2016,176,1100,10.94,1027,13.35,1015,42.36,10.01,1051,6.696,6.517,307.5,13.25,9.94,1051,6.191,5.959,309.5,15.71,168.6,120.7,923,485.9,916,301.5,20.14,13.03,17.71,16.64,15.96,15.97,.012,14.29,0,22.19,8.88,4.822,4.078,3.432,.583,11.01,1027,13.35,1031,41.29,0
212,2016,176,1130,1014,1049,572.3,320.9
212,2016,176,1132,251,257.1,125.3,338.6
212,2016,176,1134,271.4,279.8,136.1,338.7
212,2016,176,1136,294.3,301.7,146.3,338.2
212,2016,176,1138,294.7,300.8,146.3,337.7
212,2016,176,1140,288.4,295.2,144.2,336.3
212,2016,176,1142,278.1,285.1,139.3,334.1
212,2016,176,1144,284.8,293.2,143.2,333.6
212,2016,176,1146,358.4,375.9,183.2,333.8
212,2016,176,1148,492.1,512.1,253.6,331.4
212,2016,176,1150,609.7,638.1,319.7,330.5
212,2016,176,1152,645.7,674.3,340.9,331.9
212,2016,176,1154,466.2,484.9,247.7,332.2
212,2016,176,1156,393,407.5,207.1,333.5
212,2016,176,1158,431.7,456.8,230,334.8
201,2016,176,1200,10.87,1103,13.76,1155,37.27,9.45,1109,4.189,4.007,308.8,16.87,8.56,1110,3.841,3.624,309.9,19.28,69.62,48.72,393.5,195.2,380,332.2,15.53,12.08,14.48,13.84,13.53,13.69,.01,14.2,0,22.37,10.46,4.867,4.06,3.391,.583,10.94,1103,13.96,1156,37.47,0
203,2016,176,1200,10.87,1103,14.76,902,37.27,10.54,957,5.162,4.944,306.3,16.67,10.31,957,4.744,4.477,308.1,19.19,124.8,88.5,682.2,354.4,672.8,308.2,18.03,12.64,16.28,15.36,14.88,14.92,.01,14.2
212,2016,176,1200,374.9,389.3,193.8,336.4
212,2016,176,1202,350.5,365.8,180.5,338.2
212,2016,176,1204,322.3,337.8,165.5,338.9
212,2016,176,1206,302.8,311.4,151.7,339.6
212,2016,176,1208,271.2,278.2,134.2,339.4
212,2016,176,1210,218.2,224.9,106.8,340.4
212,2016,176,1212,168.7,174.3,81.3,340.5
212,2016,176,1214,143.6,147.4,68.58,340.2
212,2016,176,1216,142.1,144.9,67.32,339.8
212,2016,176,1218,146.2,149.9,69.23,339.6
212,2016,176,1220,146,150,69.02,338.8
212,2016,176,1222,146.6,150.5,68.89,338.4
212,2016,176,1224,154.3,158.3,72.3,338.2
212,2016,176,1226,168.7,172.7,79.1,337.8
212,2016,176,1228,184.9,188.7,87.3,337.5
212,2016,176,1230,183.2,186.8,86.4,337.2
212,2016,176,1232,163.6,166.2,77.3,337.3
212,2016,176,1234,144.9,148.7,68.74,337.5
212,2016,176,1236,140.6,145.3,66.79,337.9
212,2016,176,1238,137.7,142,64.95,338.1
212,2016,176,1240,132.8,136.3,61.83,338
212,2016,176,1242,130.2,133.9,60.18,337.7
212,2016,176,1244,127.1,131,57.95,337.5
212,2016,176,1246,117.5,121.5,53.15,337.6
212,2016,176,1248,98.8,102.2,44.19,337.6
212,2016,176,1250,85.7,89,38.11,337.5
212,2016,176,1252,90.2,93.5,40.2,337.4
212,2016,176,1254,118.6,122.1,53.74,337.6
212,2016,176,1256,193.2,199.2,89.9,337.4
212,2016,176,1258,314.8,326.3,152.8,337.3
201,2016,176,1300,10.42,1251,12.96,1200,50.15,6.996,1208,3.022,1.046,3.788,65.5,6.526,1209,2.779,.979,.175,65.19,31.48,21.34,185.7,86.5,180.2,338.3,12.28,11.54,12.54,12.25,12.06,12.21,3.111,13.94,0,18.96,10.94,4.943,4.049,3.35,.583,11.02,1252,12.82,1200,47.6,0
201,2016,176,1400,9.61,1347,11.69,1303,54.78,9.78,1358,4.221,2.234,323.2,55.57,8.98,1358,3.766,2.107,321.7,53.77,31.29,21.6,182.7,83.5,177.5,337.3,10.33,10.57,10.49,10.36,10.45,10.5,3.111,14.26,0,14.82,10.69,5.04,4.045,3.328,.583,9.95,1358,12.03,1301,52.9,0
201,2016,176,1500,8.88,1405,11.76,1431,53.77,8.96,1400,4.505,4.247,299.3,19.38,8.5,1400,4.153,3.844,301.4,22.1,100,72.9,561.9,289.6,548.9,321.7,16.28,11.52,14.5,13.4,13.06,13.02,3.11,14.31,0,11.97,10.45,5.135,4.051,3.329,.583,9.08,1405,11.89,1431,51.22,0
203,2016,176,1500,8.88,1405,12.96,1200,53.77,9.78,1358,3.916,2.33,314.7,51.55,8.98,1358,3.566,2.173,315.3,50.63,54.26,38.62,310.1,153.2,302.2,332.4,12.97,11.21,12.51,12,11.86,11.91,3.11,14.31
201,2016,176,1600,10.22,1501,12.36,1543,50.35,4.684,1500,1.674,1.232,323,41.61,4.409,1524,1.617,1.144,325.5,43.82,75,54.82,430.8,221.5,420,321.5,17.66,12.7,15.2,14.09,13.71,13.74,.003,13.91,0,14.9,11.24,5.232,4.08,3.352,.583,10.49,1502,12.56,1542,49.48,0
201,2016,176,1700,9.28,1624,11.83,1600,56.12,8.02,1624,4.015,3.758,288.4,20.5,7.84,1616,3.672,3.374,286.9,23.07,53.94,39.89,302,157.2,295.7,318.6,13.29,12.05,12.43,11.72,11.46,11.57,3.111,13.84,0,16.37,11.68,5.33,4.098,3.4,.583,9.75,1626,11.96,1600,53.57,0
201,2016,176,1800,9.88,1701,11.29,1727,52.43,9.94,1752,3.594,3.378,290,19.85,8.76,1752,3.211,2.925,289.4,24.15,43.78,32.37,224.5,123.1,234.1,272.8,10.97,11.38,10.76,10.38,10.26,10.4,3.11,13.62,0,14.99,11.29,5.437,4.123,3.458,.583,10.35,1701,11.76,1751,49.48,0
203,2016,176,1800,9.28,1624,12.36,1543,52.43,9.94,1752,3.094,2.729,293.9,27.83,8.76,1752,2.833,2.413,293.6,31.19,57.58,42.36,319.1,167.3,316.6,304.3,13.97,12.04,12.8,12.06,11.81,11.9,3.11,13.62
201,2016,176,1900,8.68,1859,10.75,1806,61.68,9.56,1800,3.148,2.66,277.1,31.9,8.5,1800,2.843,2.308,272,35.13,14.18,10.4,78.9,38.43,81.4,265.2,6.252,9.35,7.44,7.91,8.02,8.34,3.113,13.47,0,11.91,10.48,5.551,4.156,3.521,.583,9.41,1859,11.42,1808,58.06,0
201,2016,176,2000,7.61,1925,8.88,1955,63.7,5.624,1946,3.624,3.581,277.3,8.85,4.997,1946,3.464,3.403,272.5,10.76,1.699,1.298,6.307,.587,7.26,261.6,3.348,7.42,4.219,4.916,5.089,5.438,0,13.38,0,6.889,9.18,5.659,4.188,3.595,.583,8.48,1925,10.23,1950,57.07,0
201,2016,176,2100,7.01,2022,8.21,2000,64.59,5.056,2026,3.897,3.847,284.6,9.15,5.291,2024,3.891,3.842,277.5,9.06,.079,.083,-3.782,-4.488,-2.913,250.3,2.077,5.968,3.129,3.879,4.092,4.472,-.004,13.27,0,2.318,7.97,5.742,4.223,3.666,.583,8.48,2018,9.76,2009,59.03,0
203,2016,176,2100,7.01,2022,10.75,1806,64.59,9.56,1800,3.556,3.356,280,19.23,8.5,1800,3.399,3.181,274.4,20.51,5.319,3.926,27.16,11.51,28.59,259,3.892,7.58,4.93,5.568,5.733,6.082,-.004,13.27
201,2016,176,2200,6.554,2156,8.16,2113,65.47,4.448,2117,3.294,3.232,278.7,11.08,4.664,2141,3.428,3.381,273.8,9.44,.066,.08,-3.95,-4.523,-2.841,251.3,1.367,5.004,2.517,3.336,3.586,3.977,-.002,13.23,0,-.967,7,5.78,4.259,3.736,.583,7.56,2156,9.17,2112,59.16,0
201,2016,176,2300,6.487,2217,8.16,2231,54.6,4.919,2230,2.602,2.491,271.2,16.71,4.527,2257,2.746,2.664,265.8,14.03,.052,.037,-3.523,-4.093,-2.517,261.7,1.232,4.424,2.696,3.585,3.855,4.274,.007,13.17,0,-3.104,6.295,5.786,4.28,3.805,.58,7.63,2240,9.51,2232,47.69,0
201,2016,176,2400,7.02,2327,8.16,2317,54.94,4.154,2333,2.284,2.236,276.5,11.85,4.252,2323,2.549,2.485,269.8,12.77,-.061,-.029,-2.936,-3.435,-2.126,278.9,1.353,3.996,2.939,3.803,4.091,4.535,-.009,13.12,0,-4.507,5.762,5.758,4.304,3.862,.574,8.43,2327,9.51,2318,49.17,0
203,2016,176,2400,6.487,2217,8.16,2231,54.94,4.919,2230,2.727,2.649,275.7,13.68,4.664,2141,2.908,2.839,270.1,12.47,.019,.029,-3.47,-4.017,-2.494,263.9,1.317,4.475,2.717,3.575,3.844,4.262,-.009,13.12
224,2016,176,2400,6.487,2217,14.76,902,54.4,10.54,957,3.183,2.342,279.6,41.62,10.31,957,3.008,2.177,277,42.59,43.38,30.9,232.2,118.7,229.4,286.7,8.56,7.89,9.01,9.09,9.09,9.33,-.009,13.12,9.74,7.51,7.29,5.404,4.122,3.561,.583,7.56,2156,14.02,903,51.49,10.31
201,2016,177,100,7.29,2,8.57,18,53.26,4.252,39,2.056,1.987,279.3,14.82,4.448,37,2.345,2.287,273.9,12.83,-.196,-.14,-2.224,-2.598,-1.574,298.3,2.085,4.05,3.867,4.592,4.842,5.261,.001,13.09,0,-5.269,5.405,5.709,4.312,3.922,.573,8.43,9,9.71,18,48.16,0
201,2016,177,200,7.63,127,9.37,159,43.6,5.957,159,2.671,2.584,271.4,14.65,5.879,159,2.867,2.789,267.1,13.31,-.263,-.256,-2.307,-2.636,-1.64,297.3,2.079,3.941,4.08,4.823,5.055,5.477,.008,13.06,0,-5.138,5.185,5.641,4.319,3.962,.573,8.63,102,10.58,159,39.78,0
201,2016,177,300,8.83,208,10.38,231,41.52,7.11,241,3.939,3.848,254.5,12.31,6.878,241,3.63,3.517,249.5,14.28,-.268,-.293,-2.831,-3.108,-2.069,287.6,2.118,3.786,5.489,6.409,6.683,7.13,-.002,13.05,0,-5.032,4.97,5.569,4.318,3.991,.571,9.91,207,11.12,231,37.43,0
203,2016,177,300,7.29,2,10.38,231,41.52,7.11,241,2.889,2.759,265.5,17.16,6.878,241,2.947,2.817,261.7,17.06,-.242,-.23,-2.454,-2.78,-1.761,294.4,2.094,3.925,4.479,5.274,5.527,5.957,-.002,13.05
201,2016,177,400,7.42,333,9.9,308,42.05,5.369,304,3.564,3.47,257.5,13.19,5.056,306,3.377,3.285,253.5,13.34,-.314,-.279,-3.411,-3.641,-2.544,274.9,1.015,3.384,3.939,4.841,5.099,5.545,-.001,13.02,0,-5.023,4.726,5.495,4.31,4.009,.565,8.89,330,10.84,308,37.49,0
201,2016,177,500,6.078,455,9.83,408,54.19,5.232,405,3.235,2.909,250.1,25.71,4.88,405,3.07,2.78,248,24.88,-.143,-.131,-2.607,-3.668,-1.556,261.7,.25,2.899,3.191,4.129,4.421,4.878,0,13.02,0,-5.553,4.412,5.417,4.29,4.019,.565,7.49,456,10.77,408,48.56,0
201,2016,177,600,6.415,500,9.04,559,47.02,4.429,540,2.413,2.287,285.3,18.51,4.37,540,2.467,2.383,276.2,15,12.04,9.77,55.95,26.89,55.39,255.8,.985,2.754,3.364,4.132,4.385,4.767,-.007,13.08,0,-6.265,4.108,5.339,4.265,4.018,.564,7.62,500,9.77,559,42.06,0
203,2016,177,600,6.078,455,9.9,308,47.02,5.369,304,3.071,2.802,262.2,23.98,5.056,306,2.971,2.759,258,21.66,3.861,3.119,16.65,6.526,17.1,264.1,.75,3.012,3.498,4.367,4.635,5.063,-.007,13.08
201,2016,177,700,8.9,600,11.78,637,41.11,5.683,648,3.13,3.033,290.2,14.31,5.409,656,2.915,2.781,287.8,17.36,53.7,41.46,267.3,120.6,263.9,252.4,5.995,4.315,9.77,9.88,9.88,10.05,-.003,13.15,0,-6.145,4.094,5.258,4.234,4.01,.564,9.51,600,11.44,655,38.16,0
201,2016,177,800,11.16,742,12.04,715,36.41,7.98,736,4.226,4.097,304.7,14.18,7.29,736,3.859,3.713,306.6,15.78,96.8,74.5,508.2,276,503.1,254.6,11.7,7.68,14.38,13.74,13.46,13.45,.003,13.43,0,-2.954,4.805,5.181,4.204,3.999,.564,11.23,711,11.89,757,34.19,0
201,2016,177,900,11.49,858,12.1,812,35.8,7.23,832,5.237,5.174,303,8.92,6.486,844,4.817,4.72,304,11.49,131.8,101.5,713,385.7,707,256.2,15.98,10.5,16.4,15.41,14.97,14.87,.014,14.17,0,3.534,6.056,5.109,4.16,3.979,.564,11.42,835,12.16,818,34.06,0
203,2016,177,900,8.9,600,12.1,812,35.8,7.98,736,4.198,4.08,300.4,13.61,7.29,736,3.864,3.705,300.9,16.41,94.1,72.5,496,260.8,491.5,254.4,11.23,7.5,13.52,13.01,12.77,12.79,.014,14.17
201,2016,177,1000,11.48,922,13.56,927,32.91,6.33,905,4.346,4.247,309.5,12.19,6.212,912,4.031,3.912,311.4,13.93,161.4,124.8,893,483,889,261.5,21.26,13.32,19.08,17.7,17.1,16.82,.01,14.18,0,10.97,7.68,5.06,4.126,3.965,.563,11.41,920,13.63,917,30.56,0
201,2016,177,1100,11.41,1043,14.62,1053,28.35,7.13,1023,3.78,3.569,312.8,19.15,7.45,1023,3.474,3.204,316.4,22.56,159.1,123.1,886,475.6,875,288.9,24.15,15.31,20.06,18.55,17.83,17.75,.003,14.27,0,19.59,9.78,5.051,4.098,3.941,.563,11.81,1044,14.76,1017,28.15,0
212,2016,177,1130,368.8,379.7,181.3,337.1
212,2016,177,1132,512.7,531.9,269.7,326.7
212,2016,177,1134,494.9,514.8,260.7,328.4
212,2016,177,1136,441.3,457.2,230.5,326.9
212,2016,177,1138,438.8,455.6,228.5,325.7
212,2016,177,1140,483.9,507.9,254.5,324.7
212,2016,177,1142,545.6,567.6,283.9,325.4
212,2016,177,1144,476.1,498.1,250.5,322.8
212,2016,177,1146,476.7,500.5,251.5,319.3
212,2016,177,1148,787,811,417.8,318.5
212,2016,177,1150,936,951,497.1,317.6
212,2016,177,1152,1234,1260,670.8,320.4
212,2016,177,1154,1108,1135,607,320.8
212,2016,177,1156,888,918,489.9,322
212,2016,177,1158,746,778,411,323
201,2016,177,1200,12.08,1144,14.62,1106,29.89,10.95,1133,4.62,3.746,300.8,35.23,10.86,1133,4.278,3.292,304.6,38.88,132.2,101.6,742,389,722,321.2,22.11,14.93,18.81,17.31,16.64,16.74,-.002,14.37,0,24.5,11.13,5.089,4.052,3.91,.563,11.94,1147,14.62,1105,31.64,0
203,2016,177,1200,11.41,1043,14.62,1053,29.89,10.95,1133,4.249,3.84,307.7,25.14,10.86,1133,3.927,3.458,310.8,28.01,150.9,116.5,840,449.2,829,290.5,22.51,14.52,19.32,17.85,17.19,17.11,-.002,14.37
212,2016,177,1200,749,779,409.3,323.4
212,2016,177,1202,633.2,660.1,343.7,321.7
212,2016,177,1204,872,907,474.8,320.9
212,2016,177,1206,511.9,536.7,278,317.5
212,2016,177,1208,867,925,483.7,315.3
212,2016,177,1210,1091,1166,618,316.1
212,2016,177,1212,849,929,489.3,314.8
212,2016,177,1214,490,519.6,273.3,311.5
212,2016,177,1216,479,584.8,300.9,308.9
212,2016,177,1218,544.3,1324,703,308.8
212,2016,177,1220,576,986,515.3,310.7
212,2016,177,1222,547.1,925,486.5,307.1
212,2016,177,1224,471.3,1190,639.6,306.2
212,2016,177,1226,386.4,1055,570.7,306
212,2016,177,1228,305.5,382.5,207.1,307.7
212,2016,177,1230,255.6,276,144.1,306.5
212,2016,177,1232,257.6,269.8,134.9,308.1
212,2016,177,1234,364.1,383.1,193.7,310.8
212,2016,177,1236,392.5,422.2,214.9,316.2
212,2016,177,1238,260.9,271.6,134.1,318.9
212,2016,177,1240,256,265.3,129.9,320.8
212,2016,177,1242,242,249.1,121,323.2
212,2016,177,1244,241.7,247.7,119.3,325.7
212,2016,177,1246,239.9,245.7,118.5,326.5
212,2016,177,1248,245.9,251.4,120.8,326.4
212,2016,177,1250,268.6,274.4,132.4,327.9
212,2016,177,1252,282,288.7,140.1,330.2
212,2016,177,1254,280.7,291.7,141.8,332.4
212,2016,177,1256,221.4,231.6,111.5,334.7
212,2016,177,1258,174.5,184.6,87.3,334.9
201,2016,177,1300,11.94,1217,15.09,1223,33.78,9.27,1257,3.3,2.384,318.7,42.68,8.54,1257,3.083,2.097,322.2,45.81,96.5,74.1,547.6,283.8,426,318.3,20.63,15.29,17.96,16.47,16.03,15.98,.006,13.96,0,26.1,11.63,5.182,4.038,3.881,.562,12.01,1217,15.23,1225,32.31,0
201,2016,177,1400,10,1327,13.7,1355,33.18,13.44,1317,3.803,1.523,290,62.72,11.91,1317,3.628,1.324,288.3,64.55,78.3,59.89,442.1,227.1,433.6,328.9,16.23,12.43,14.32,13.41,13.11,13.09,.004,14.4,0,23.37,11.17,5.296,4.044,3.865,.562,10.47,1326,13.7,1356,32.72,0
201,2016,177,1500,12.22,1401,14.24,1422,28.42,10.33,1443,3.848,3.185,326.7,33.63,9.99,1443,3.575,2.942,330,34.08,140.4,109.5,784,421.9,773,286.6,23.5,15.12,19.42,17.79,17.23,17.05,.004,14.46,0,21.8,11.75,5.437,4.055,3.851,.561,11.96,1410,14.5,1454,27.68,0
203,2016,177,1500,10,1327,15.09,1223,28.42,13.44,1317,3.65,2.293,316.3,49.38,11.91,1317,3.429,2.04,319,51.55,105.1,81.2,591.4,310.9,544.4,311.3,20.12,14.28,17.23,15.89,15.46,15.38,.004,14.46
201,2016,177,1600,12.35,1521,14.09,1505,31.3,11.97,1501,5.794,5.495,320.1,18.41,12.09,1517,5.399,5.065,324,20.16,85,65.81,471.7,248.9,463.6,296.1,16.85,13.25,16.03,15.34,15.02,15.02,.008,13.99,0,22.98,12.3,5.568,4.078,3.852,.56,12.68,1522,14.16,1506,28.62,0
201,2016,177,1700,12.49,1631,13.96,1613,28.69,10.25,1629,5.108,4.827,324,18.97,10.09,1629,4.771,4.479,328.1,20.03,70.9,54.74,388.3,205.7,382,283.4,15.04,11.58,14.82,14.4,14.19,14.25,.009,13.76,0,17.88,11.5,5.694,4.118,3.867,.56,12.95,1632,14.23,1612,27.95,0
201,2016,177,1800,11.49,1756,12.96,1740,38.35,8.64,1737,4.239,3.629,329.9,30.72,8.15,1736,3.96,3.362,331.8,31.48,22.08,16.62,125.8,60.8,124.1,294.5,9.76,9.9,11.51,11.69,11.7,11.94,3.111,13.6,0,13.45,10.62,5.817,4.171,3.886,.559,12.09,1755,13.5,1740,36.88,0
203,2016,177,1800,11.49,1756,14.09,1505,38.35,11.97,1501,5.047,4.64,324,23.01,12.09,1517,4.71,4.296,327.4,24.03,59.32,45.72,328.6,171.8,323.2,291.4,13.89,11.58,14.12,13.81,13.64,13.74,3.111,13.6
201,2016,177,1900,10.75,1847,11.96,1822,41.5,7.68,1834,3.221,2.804,4.075,29.15,6.976,1856,3.002,2.6,1.845,29.65,11.96,8.96,76.1,35.34,75.6,276.9,7.33,8.55,9.24,9.71,9.83,10.12,3.11,13.51,0,8.93,9.66,5.915,4.232,3.922,.559,11.49,1900,12.7,1810,39.16,0
201,2016,177,2000,9.21,1940,11.09,1927,38.22,6.761,1925,4.138,3.839,355.7,21.79,6.722,1925,3.926,3.639,354.8,21.9,1.31,.841,3.989,-2.014,5.356,256.7,3.805,6.64,6.734,7.49,7.75,8.17,-.001,13.39,0,4.883,8.62,5.974,4.291,3.95,.556,10.69,1940,11.76,1933,34.66,0
201,2016,177,2100,8.48,2057,10.16,2024,33.19,7.8,2022,4.742,4.654,330.4,11.05,6.839,2022,4.578,4.487,327.9,11.42,.011,.025,-4.337,-4.84,-2.812,252.5,2.265,5.185,4.584,5.249,5.494,5.901,.012,13.3,0,.784,7.5,5.998,4.346,3.992,.554,10.03,2058,11.16,2014,29.71,0
203,2016,177,2100,8.48,2057,11.96,1822,33.19,7.8,2022,4.034,3.645,347.4,25.14,6.976,1856,3.835,3.454,345.3,25.54,4.428,3.275,25.26,9.5,26.06,262,4.466,6.791,6.854,7.48,7.69,8.06,.012,13.3
201,2016,177,2200,6.543,2200,9.96,2108,49.7,6.565,2100,4.383,4.148,321.9,18.75,6.565,2100,4.318,4.058,318.6,19.88,-.001,.012,-4.464,-4.926,-3.026,248.7,1.236,4.154,3.512,4.247,4.519,4.948,-.014,13.22,0,-2.403,6.544,5.998,4.4,4.03,.554,8.29,2159,11.17,2107,34.67,0
201,2016,177,2300,6.075,2215,7.75,2222,43.27,5.624,2252,4.038,3.823,293.1,18.68,5.683,2253,3.894,3.713,286.8,17.43,-.12,-.065,-4.022,-4.787,-2.916,246,.302,3.144,1.849,2.746,3.042,3.454,-.01,13.17,0,-4.649,5.669,5.959,4.435,4.065,.553,7.55,2213,9.5,2258,33,0
201,2016,177,2400,5.011,2334,7.43,2315,40.72,5.213,2341,3.861,3.716,318.5,15.66,5.134,2335,3.809,3.613,300,18.37,-.032,.008,-3.98,-4.594,-2.606,249.5,-.005,2.423,1.652,2.499,2.762,3.148,-.017,13.12,0,-6.317,4.906,5.895,4.467,4.1,.553,6.554,2337,9.97,2314,28.98,0
203,2016,177,2400,5.011,2334,9.96,2108,40.72,6.565,2100,4.094,3.799,311.5,21.74,6.565,2100,4.007,3.694,302.3,22.63,-.051,-.015,-4.155,-4.769,-2.85,248.1,.511,3.24,2.337,3.164,3.441,3.85,-.017,13.12
224,2016,177,2400,5.011,2334,15.09,1223,38.26,13.44,1317,3.904,3.151,307.4,35.56,12.09,1517,3.711,2.918,305.8,37.44,52.17,40.25,286.5,150.1,278.3,277,9.45,8.11,10.17,10.11,10.04,10.24,-.017,13.12,10.53,6.001,7.68,5.527,4.223,3.958,.562,6.554,2337,15.23,1225,35.01,11.23
201,2016,178,100,6.017,59,8.3,8,40.85,6.545,25,4.716,4.694,335.6,5.541,6.957,26,5.308,5.272,330.6,6.75,.039,-.029,-4.1,-4.747,-2.481,246.5,.222,2.288,2.836,3.464,3.685,4.071,-.01,13.08,0,-7.39,4.361,5.821,4.483,4.13,.553,8.83,59,10.31,49,25.62,0
201,2016,178,200,4.608,113,7.63,148,35.15,6.036,103,3.894,3.26,289.3,32.66,6.82,102,3.642,3.264,288.4,26.08,.015,.018,-4.406,-4.799,-3.054,240.2,-1.088,1.693,.889,1.772,2.079,2.497,.001,13.05,0,-8.01,3.951,5.727,4.49,4.149,.553,6.621,124,9.57,148,28.44,0
201,2016,178,300,6.017,207,8.57,229,32,5.115,215,2.69,2.543,263,18.92,4.723,215,2.705,2.569,258.8,18.18,-.054,-.059,-4.512,-5.136,-3.055,242.2,-1.461,1.212,1.003,2.229,2.657,3.21,.009,13.04,0,-8.56,3.488,5.626,4.484,4.164,.553,7.69,216,9.77,229,29.65,0
203,2016,178,300,4.608,113,8.57,229,32,6.545,25,3.76,3.016,303.6,36.02,6.957,26,3.878,3.217,301.8,33.45,0,-.024,-4.34,-4.895,-2.864,242.9,-.78,1.728,1.573,2.487,2.806,3.259,.009,13.04
201,2016,178,400,7.43,346,9.04,354,33.94,5.742,337,2.36,1.961,247.9,33.33,5.409,337,2.393,1.98,243.9,33.63,-.075,-.031,-4.64,-5.071,-2.909,243.1,-1.291,1.086,2.392,3.838,4.313,4.894,-.001,13.02,0,-8.87,3.184,5.511,4.469,4.168,.553,8.5,346,9.91,331,31.06,0
201,2016,178,500,7.69,458,9.37,415,52.99,7.47,436,3.178,2.725,223.9,30.58,7.84,441,3.024,2.592,220.1,30.63,.449,.401,-2.052,-3.855,-.481,249.2,.039,1.419,4.298,5.686,6.074,6.571,.006,13.01,0,-8.94,3.028,5.404,4.451,4.168,.553,8.5,459,10.11,407,49.44,0
201,2016,178,600,7.69,500,9.57,555,52.12,7.82,547,2.843,2.561,219.8,25.5,7.15,547,2.646,2.335,217.8,27.77,22.14,19.52,90.9,39.56,89.6,247.8,1.684,2.049,6.036,6.982,7.2,7.55,3.111,13.08,0,-8.49,3.112,5.292,4.42,4.16,.552,8.5,500,9.64,555,51.92,0
203,2016,178,600,7.43,346,9.57,555,52.12,7.82,547,2.794,2.366,228.8,31.71,7.84,441,2.688,2.258,226.1,32.39,7.5,6.628,28.07,10.21,28.72,246.7,.144,1.518,4.242,5.502,5.863,6.337,3.111,13.08
201,2016,178,700,9.1,605,11.57,638,47.41,6.212,602,1.655,.945,199.6,53.04,6.173,602,1.6,.918,193.6,52.9,58.79,46.8,290.8,133.5,286.1,250.5,7.84,4.598,11.46,11.02,10.83,10.85,-.011,13.15,0,-7.49,3.533,5.182,4.387,4.147,.552,9.23,606,11.5,638,48.82,0
201,2016,178,800,9.89,711,13.11,704,54.98,5.918,752,3.045,2.935,163.3,15.39,5.742,756,2.757,2.658,161,15.33,97.6,77.1,511.2,275.6,504.6,252.3,14.06,9.47,15.36,13.59,13.12,12.95,3.11,13.41,0,-3.746,4.533,5.082,4.351,4.126,.549,9.75,711,12.03,704,54.04,0
201,2016,178,900,10.49,800,13.23,900,38.82,5.565,818,2.931,2.745,150.2,20.41,5.761,816,2.615,2.428,148,21.65,133.1,105.2,718,386,712,256.2,20.56,14.72,19.27,16.57,15.85,15.53,3.106,13.99,0,5.16,6.241,5.006,4.308,4.105,.546,10.28,807,12.83,900,41.63,0
203,2016,178,900,9.1,605,13.23,900,38.82,6.212,602,2.543,2.123,162.7,32.92,6.173,602,2.324,1.932,160.5,33.25,96.5,76.4,506.5,265,500.8,253,14.15,9.6,15.36,13.73,13.26,13.11,3.106,13.99
201,2016,178,1000,11.88,944,15.1,918,22.59,7.9,958,2.977,2.455,301.6,33.92,7.11,958,2.706,2.163,304.2,36.3,163.8,130.2,903,492,898,257.3,24.91,17.83,20.89,18.61,17.92,17.57,.001,13.95,0,17.4,8.59,4.979,4.266,4.088,.545,11.74,954,14.1,919,21.05,0
201,2016,178,1100,11.88,1036,15.56,1055,28.28,7.9,1000,3.182,2.586,265.6,35.05,7.98,1006,2.947,2.295,262,38.08,187.5,149,1041,566.9,1039,263.4,28.54,19.15,22.09,19.45,18.47,18.29,.016,13.96,0,24.58,10.58,5.02,4.233,4.056,.545,11.88,1005,15.36,1056,26.34,0
212,2016,178,1130,222.8,233.7,113.4,331.1
212,2016,178,1132,1184,1191,651.4,279
212,2016,178,1134,1201,1209,661.2,280.7
212,2016,178,1136,1217,1226,670.2,282.3
212,2016,178,1138,1219,1229,671.5,282.6
212,2016,178,1140,1209,1220,667.8,284.1
212,2016,178,1142,1209,1220,667.6,285.5
212,2016,178,1144,1232,1243,679,286.5
212,2016,178,1146,1234,1243,677.8,285.1
212,2016,178,1148,1232,1239,673.7,284.9
212,2016,178,1150,1243,1249,678.4,286.1
212,2016,178,1152,1261,1267,688.1,288.4
212,2016,178,1154,1272,1280,696.7,291.2
212,2016,178,1156,1267,1274,693.9,291.7
212,2016,178,1158,1262,1271,693.1,291
201,2016,178,1200,12.28,1149,16.23,1130,22.45,8.21,1145,3.223,2.591,289.5,35.86,8.25,1145,2.991,2.296,289.5,39.05,216.3,172.4,1200,654.3,1193,281.1,32.54,20.71,24.37,20.94,20.13,20.65,-.016,13.92,0,30.89,12.47,5.099,4.184,4.026,.543,12.28,1109,16.57,1159,21.78,0
203,2016,178,1200,11.88,1036,16.23,1130,22.45,8.21,1145,3.127,2.458,285.4,37.47,8.25,1145,2.881,2.148,285,40.87,189.2,150.6,1048,571.1,1043,267.3,28.66,19.23,22.45,19.67,18.84,18.83,-.016,13.92
212,2016,178,1200,1254,1264,691.1,292.2
212,2016,178,1202,1254,1266,693,293
212,2016,178,1204,1238,1251,684.3,291.1
212,2016,178,1206,1224,1241,681,289.9
212,2016,178,1208,1233,1251,685.9,289
212,2016,178,1210,1254,1269,697.1,290.1
212,2016,178,1212,1098,1274,699,291
212,2016,178,1214,529.3,1276,697.9,291.8
212,2016,178,1216,246,1270,694,291.5
212,2016,178,1218,233.8,1269,694.1,293.5
212,2016,178,1220,248.4,1286,704,297.6
212,2016,178,1222,287.3,1320,721,296.4
212,2016,178,1224,320.7,525.5,280.6,298.8
212,2016,178,1226,310.3,358.1,188.5,295.2
212,2016,178,1228,310.6,428,212.7,292
212,2016,178,1230,374.3,1077,564.5,291
212,2016,178,1232,850,1288,692,290.7
212,2016,178,1234,1235,1282,696.1,291.7
212,2016,178,1236,1273,1283,698.1,292.9
212,2016,178,1238,1264,1274,694.5,295.2
212,2016,178,1240,1245,1256,684.6,293.5
212,2016,178,1242,1229,1239,675.9,292.9
212,2016,178,1244,1218,1227,668.6,289.9
212,2016,178,1246,1219,1229,669.8,289.2
212,2016,178,1248,1223,1232,672.2,290
212,2016,178,1250,1217,1228,671.2,288.7
212,2016,178,1252,1201,1213,662.5,288.9
212,2016,178,1254,1183,1197,652.5,286.7
212,2016,178,1256,1174,1189,648.1,288.3
212,2016,178,1258,1180,1195,650.1,288.7
201,2016,178,1300,13.01,1228,17.31,1205,26.81,8.13,1258,2.699,1.443,345.1,55.26,7.7,1258,2.502,1.394,346.9,53.9,209.6,167.5,1163,633,936,291.6,33.71,21.32,25.81,22.47,21.67,21.23,.003,14.44,0,37.72,14.82,5.282,4.183,4,.542,13.21,1229,17.17,1208,25.27,0
201,2016,178,1400,13.21,1303,16.3,1336,22.52,9.39,1355,3.857,2.838,302.1,41.63,9.48,1356,3.577,2.44,303.4,45.66,184.1,146.6,1031,557.5,1018,276.9,30.45,21.07,23.47,20.83,20,19.61,.003,13.99,0,39.91,16,5.497,4.183,3.985,.541,13.21,1305,16.16,1335,22.59,0
201,2016,178,1500,13.42,1443,16.3,1414,21.51,8.27,1440,3.296,2.079,339.5,49.22,9.11,1440,3.089,1.916,342.7,49.93,167.9,133.7,932,508.1,923,274.2,29.66,20.31,22.82,20.52,19.83,19.48,-.001,13.97,0,37.17,16.12,5.736,4.218,3.959,.54,13.48,1400,16.23,1455,21.45,0
203,2016,178,1500,13.01,1228,17.31,1205,21.51,9.39,1355,3.284,1.994,324.2,50.76,9.48,1356,3.056,1.797,327.2,52,187.2,149.2,1042,566.2,959,280.9,31.27,20.9,24.03,21.27,20.5,20.11,-.001,13.97
201,2016,178,1600,13.75,1531,15.63,1521,23.79,7.43,1543,3.525,2.667,343.8,39.95,8.9,1533,3.347,2.511,346.2,40.49,146.6,116.7,808,441.6,797,270.9,27.11,18.75,21.23,19.42,18.85,18.58,0,14.13,0,32.46,16.04,5.996,4.273,3.967,.539,13.95,1531,15.83,1520,22.72,0
201,2016,178,1700,13.89,1620,15.03,1600,23.79,9.09,1632,3.74,3.092,327.2,33.7,8.5,1601,3.501,2.863,328.6,34.57,106.7,84.6,579.8,317,570.2,264.3,21.99,16.49,18.55,17.39,17.02,16.89,-.002,13.74,0,27.31,15.35,6.243,4.346,3.992,.538,14.22,1620,15.36,1600,23.26,0
201,2016,178,1800,13.08,1756,14.83,1700,29.83,6.976,1752,3.569,2.884,16.65,35.48,6.918,1752,3.337,2.704,16.32,35.27,69.5,54.99,348,202.9,362.6,262,16.9,14.2,15.64,15.03,14.81,14.82,-.004,13.56,0,21.16,14.3,6.458,4.437,4.023,.537,13.82,1750,14.96,1700,27.61,0
203,2016,178,1800,13.08,1756,15.63,1521,29.83,9.09,1632,3.611,2.694,348.6,40.82,8.9,1533,3.395,2.532,349.9,40.85,107.6,85.4,578.5,320.5,576.8,265.7,22,16.48,18.47,17.28,16.89,16.76,-.004,13.56
201,2016,178,1900,11.69,1859,13.22,1800,29.1,9.25,1838,4.9,4.629,347.1,19.06,9.47,1838,4.63,4.344,346.7,20.14,11.52,8.74,74.7,34.47,76.7,258.8,8.36,10.48,10.3,10.75,10.88,11.19,-.015,13.42,0,13.32,12.69,6.618,4.535,4.067,.537,12.22,1859,13.89,1802,27.89,0
201,2016,178,2000,10.08,1949,12.23,1915,28.76,7.33,1958,4.724,4.559,345.2,15.16,7.15,1958,4.43,4.258,344,15.95,1.179,.829,3.339,-2.277,4.68,254.6,4.99,7.72,7.51,8.23,8.48,8.9,-.003,13.32,0,5.592,10.61,6.737,4.645,4.117,.536,11.16,1948,12.76,1914,26.28,0
201,2016,178,2100,8.81,2031,11.16,2001,35.14,8.03,2012,4.738,4.66,327.6,10.4,7.02,2012,4.609,4.518,321.4,11.39,.052,.088,-4.439,-4.827,-2.922,252.5,3.204,5.999,4.978,5.652,5.898,6.286,-.013,13.24,0,.635,8.96,6.792,4.745,4.191,.536,10.75,2015,11.96,2002,27.36,0
203,2016,178,2100,8.81,2031,13.22,1800,35.14,9.25,1838,4.787,4.561,339.9,17.6,9.47,1838,4.556,4.286,337.1,19.71,4.25,3.221,24.54,9.12,26.14,255.3,5.519,8.07,7.6,8.21,8.42,8.79,-.013,13.24
201,2016,178,2200,7.54,2121,10.23,2126,31.72,6.526,2101,4.583,4.5,326.1,10.89,6.134,2101,4.555,4.471,317.5,11,.004,.008,-4.135,-4.522,-2.689,258.7,2.355,4.777,3.497,4.169,4.4,4.771,-.009,13.17,0,-2.586,7.67,6.792,4.836,4.248,.536,9.69,2155,11.5,2126,27.7,0
201,2016,178,2300,7.82,2203,9.5,2235,30.65,6.663,2236,5.415,5.393,337.6,5.203,6.682,2235,5.099,5.073,332.3,5.817,.043,.003,-3.731,-3.995,-2.498,258.5,2.41,4.272,4.834,5.438,5.637,6.025,-.007,13.13,0,-4.65,6.757,6.749,4.908,4.316,.536,9.02,2202,10.84,2250,22.27,0
201,2016,178,2400,5.21,2338,8.63,2307,36.49,6.526,2302,4.621,4.32,311.2,20.67,6.702,2300,4.426,4.041,303.4,23.87,-.009,.022,-4.271,-4.424,-3.023,244.7,.884,3.476,2.741,3.501,3.749,4.14,-.019,13.1,0,-6.042,6.058,6.67,4.964,4.373,.536,6.887,2338,10.91,2316,33,0
203,2016,178,2400,5.21,2338,10.23,2126,36.49,6.663,2236,4.873,4.653,325.9,17.2,6.702,2300,4.693,4.433,318.8,19.07,.013,.011,-4.046,-4.313,-2.737,253.9,1.883,4.175,3.691,4.369,4.595,4.979,-.019,13.1
224,2016,178,2400,4.608,113,17.31,1205,33.37,9.39,1355,3.598,2.038,313.1,53.33,9.48,1356,3.434,1.946,310.7,53.33,74,58.88,402.1,216.4,390.8,258.2,12.85,10.2,12.17,11.56,11.39,11.52,-.019,13.1,11.05,9.09,8.85,5.805,4.45,4.114,.544,6.621,124,17.17,1208,30.69,11.68
201,2016,179,100,6.084,34,7.49,21,34.41,5.742,0,3.759,3.688,285.7,11.12,5.448,4,3.644,3.583,283.1,10.49,-.04,-.031,-3.955,-4.752,-2.867,240.9,.019,2.509,1.643,2.609,2.939,3.377,-.005,13.08,0,-7.21,5.277,6.574,5,4.426,.536,7.22,1,8.83,20,29.18,0
201,2016,179,200,6.688,120,9.37,147,29.85,5.546,105,3.41,3.129,256.9,23.27,5.174,103,3.342,3.168,253.4,18.5,-.131,-.135,-4.505,-4.993,-2.868,241.1,-.367,1.934,1.936,3.129,3.488,4.01,.007,13.06,0,-8.19,4.642,6.463,5.022,4.471,.536,7.63,111,10.58,134,27.1,0
201,2016,179,300,5.749,225,9.57,215,46.69,7.02,256,4.363,4.073,288.9,20.86,6.859,252,4.112,3.814,282.7,21.78,-.159,-.082,-4.26,-4.798,-3.116,241.2,-.592,1.665,1.792,2.826,3.169,3.649,-.004,13.04,0,-8.91,4.19,6.347,5.034,4.505,.536,6.889,238,10.51,209,34.08,0
203,2016,179,300,5.749,225,9.57,215,46.69,7.02,256,3.844,3.525,278.7,23.33,6.859,252,3.699,3.424,274.2,22.07,-.11,-.083,-4.24,-4.848,-2.95,241.1,-.313,2.036,1.79,2.855,3.199,3.678,-.004,13.04
201,2016,179,400,4.877,333,8.1,318,36.69,6.918,300,5.578,5.463,305.5,11.63,7.21,321,5.222,5.066,302,13.99,-.051,-.062,-4.129,-4.691,-2.97,237.4,-.437,1.677,1.378,2.161,2.428,2.817,.002,13.03,0,-9.21,3.861,6.223,5.027,4.529,.534,6.42,335,10.24,317,24.82,0
201,2016,179,500,5.346,500,7.83,421,43.54,6.173,446,3.926,3.792,326.6,14.95,6.702,441,4.332,4.232,322.9,12.33,.479,.328,-2.522,-4.262,-.89,234.2,-.997,1.301,1.238,2.036,2.323,2.726,-.009,13.03,0,-9.3,3.562,6.094,5.009,4.545,.534,6.487,500,10.11,421,34.14,0